05_Contrib/TimeDomain/PhotoReverberationMappingAGN/ZTF_data/ZTF_filters/ztf-i.ecsv
# %ECSV 1.0
# ---
# datatype:
# - {name: wavelength, unit: Angstrom, datatype: float64}
# - {name: response, datatype: float64}
# meta:
#   __serialized_columns__:
#     wavelength:
#       __class__: astropy.units.quantity.Quantity
#       unit: !astropy.units.Unit {unit: Angstrom}
#       value: !astropy.table.SerializedColumn {name: wavelength}
#   band_name: i
#   group_name: ztf
# schema: astropy-2.0
wavelength response
[from data line 3117]
9938.0 3.9346e-05
9940.0 4.523e-05
9942.0 3.7486e-05
9944.0 2.9742e-05
9946.0 2.1998000000000002e-05
9948.0 1.4254000000000001e-05
9950.0 6.51e-06
9952.0 1.1224e-05
9954.0 1.5938e-05
9956.0 2.0652e-05
9958.0 2.5366e-05
9960.0 3.0079999999999997e-05
9962.0 2.5523999999999998e-05
9964.0 2.0967999999999996e-05
9966.0 1.6412e-05
9968.0 1.1856e-05
9970.0 7.2999999999999996e-06
9972.0 6.4440000000000005e-06
9974.0 5.5880000000000005e-06
9976.0 4.732e-06
9978.0 3.876e-06
9980.0 3.0200000000000003e-06
9982.0 2.618e-06
9984.0 2.216e-06
9986.0 1.814e-06
9988.0 1.412e-06
9990.0 1.01e-06
9992.0 4.654e-06
9994.0 8.298000000000001e-06
9996.0 1.1942e-05
9998.0 1.5586e-05
10000.0 1.923e-05
10002.0 1.6302e-05
10004.0 1.3374000000000001e-05
10006.0 1.0446e-05
10008.0 7.518e-06
10010.0 4.59e-06
10012.0 4.79e-06
10014.0 4.99e-06
10016.0 5.19e-06
10018.0 5.39e-06
10020.0 5.590000000000001e-06
10022.0 8.497999999999999e-06
10024.0 1.1406e-05
10026.0 1.4314e-05
10028.0 1.7222e-05
10030.0 2.013e-05
10032.0 1.658e-05
10034.0 1.3029999999999999e-05
10036.0 9.479999999999999e-06
10038.0 5.93e-06
10040.0 2.38e-06
10042.0 3.6460000000000003e-06
10044.0 4.912e-06
10046.0 6.177999999999999e-06
10048.0 7.444e-06
10050.0 8.71e-06
10052.0 8.546e-06
10054.0 8.382e-06
10056.0 8.218e-06
10058.0 8.054e-06
10060.0 7.89e-06
10062.0 1.0610000000000002e-05
10064.0 1.333e-05
10066.0 1.605e-05
10068.0 1.8769999999999998e-05
10070.0 2.149e-05
10072.0 2.2592e-05
10074.0 2.3693999999999997e-05
10076.0 2.4796e-05
10078.0 2.5898000000000002e-05
10080.0 2.7000000000000002e-05
10082.0 2.3838e-05
10084.0 2.0676000000000003e-05
10086.0 1.7514e-05
10088.0 1.4351999999999999e-05
10090.0 1.119e-05
10092.0 1.142e-05
10094.0 1.165e-05
10096.0 1.188e-05
10098.0 1.2110000000000001e-05
10100.0 1.234e-05
10102.0 1.5318e-05
10104.0 1.8296e-05
10106.0 2.1274000000000003e-05
10108.0 2.4252e-05
10110.0 2.7230000000000002e-05
10112.0 2.241e-05
10114.0 1.759e-05
10116.0 1.277e-05
10118.0 7.95e-06
10120.0 3.13e-06
10122.0 3.5579999999999996e-06
10124.0 3.986e-06
10126.0 4.414e-06
10128.0 4.842e-06
10130.0 5.27e-06
10132.0 5.0339999999999996e-06
10134.0 4.7980000000000005e-06
10136.0 4.562e-06
10138.0 4.326e-06
10140.0 4.09e-06
10142.0 3.8939999999999995e-06
10144.0 3.698e-06
10146.0 3.502e-06
10148.0 3.306e-06
10150.0 3.1100000000000003e-06
10152.0 7.42e-06
10154.0 1.173e-05
10156.0 1.604e-05
10158.0 2.035e-05
10160.0 2.4659999999999998e-05
10162.0 2.0194000000000004e-05
10164.0 1.5728e-05
10166.0 1.1262e-05
10168.0 6.796000000000001e-06
10170.0 2.33e-06
10172.0 6.986e-06
10174.0 1.1642e-05
10176.0 1.6298e-05
10178.0 2.0954e-05
10180.0 2.561e-05
10182.0 2.545e-05
10184.0 2.529e-05
10186.0 2.513e-05
10188.0 2.497e-05
10190.0 2.481e-05
10192.0 2.1862000000000002e-05
10194.0 1.8914e-05
10196.0 1.5966000000000003e-05
10198.0 1.3018000000000001e-05
10200.0 1.007e-05
10202.0 8.83e-06
10204.0 7.59e-06
10206.0 6.35e-06
10208.0 5.109999999999999e-06
10210.0 3.869999999999999e-06
10212.0 7.695999999999999e-06
10214.0 1.1521999999999999e-05
10216.0 1.5348e-05
10218.0 1.9174e-05
10220.0 2.3e-05
10222.0 2.3968e-05
10224.0 2.4936e-05
10226.0 2.5904e-05
10228.0 2.6872e-05
10230.0 2.784e-05
10232.0 2.6296e-05
10234.0 2.4752e-05
10236.0 2.3208e-05
10238.0 2.1664e-05
10240.0 2.012e-05
10242.0 2.0308000000000003e-05
10244.0 2.0495999999999998e-05
10246.0 2.0684e-05
10248.0 2.0872e-05
10250.0 2.1059999999999998e-05
10252.0 2.5006e-05
10254.0 2.8952e-05
10256.0 3.2897999999999996e-05
10258.0 3.6844e-05
10260.0 4.079e-05
10262.0 3.649e-05
10264.0 3.219e-05
10266.0 2.789e-05
10268.0 2.359e-05
10270.0 1.929e-05
10272.0 1.8992e-05
10274.0 1.8694e-05
10276.0 1.8396e-05
10278.0 1.8098000000000002e-05
10280.0 1.78e-05
10282.0 1.5478e-05
10284.0 1.3156e-05
10286.0 1.0834e-05
10288.0 8.511999999999999e-06
10290.0 6.19e-06
10292.0 6.536e-06
10294.0 6.882e-06
10296.0 7.228e-06
10298.0 7.574e-06
10300.0 7.919999999999999e-06
10302.0 1.035e-05
10304.0 1.2780000000000001e-05
10306.0 1.521e-05
10308.0 1.764e-05
10310.0 2.0070000000000003e-05
10312.0 2.2244e-05
10314.0 2.4418e-05
10316.0 2.6592e-05
10318.0 2.8766e-05
10320.0 3.094e-05
10322.0 2.4789999999999998e-05
10324.0 1.864e-05
10326.0 1.2489999999999999e-05
10328.0 6.34e-06
10330.0 1.9e-07
10332.0 9.26e-07
10334.0 1.662e-06
10336.0 2.398e-06
10338.0 3.1339999999999996e-06
10340.0 3.869999999999999e-06
10342.0 5.458e-06
10344.0 7.046e-06
10346.0 8.633999999999999e-06
10348.0 1.0222e-05
10350.0 1.181e-05
10352.0 1.2232e-05
10354.0 1.2654000000000001e-05
10356.0 1.3076e-05
10358.0 1.3498e-05
10360.0 1.392e-05
10362.0 2.1364e-05
10364.0 2.8808000000000003e-05
10366.0 3.6252e-05
10368.0 4.3696e-05
10370.0 5.1139999999999995e-05
10372.0 4.62e-05
10374.0 4.126e-05
10376.0 3.632e-05
10378.0 3.138e-05
10380.0 2.644e-05
10382.0 2.2394e-05
10384.0 1.8347999999999998e-05
10386.0 1.4302e-05
10388.0 1.0256e-05
10390.0 6.21e-06
10392.0 6.212e-06
10394.0 6.214e-06
10396.0 6.216e-06
10398.0 6.2180000000000004e-06
10400.0 6.220000000000001e-06
10402.0 5.482e-06
10404.0 4.744e-06
10406.0 4.005999999999999e-06
10408.0 3.268e-06
10410.0 2.5300000000000003e-06
10412.0 6.4340000000000006e-06
10414.0 1.0338000000000002e-05
10416.0 1.4242e-05
10418.0 1.8146e-05
10420.0 2.205e-05
10422.0 2.1825999999999997e-05
10424.0 2.1602e-05
10426.0 2.1378e-05
10428.0 2.1153999999999998e-05
10430.0 2.0929999999999998e-05
10432.0 1.7526e-05
10434.0 1.4122e-05
10436.0 1.0718e-05
10438.0 7.314e-06
10440.0 3.91e-06
10442.0 4.658e-06
10444.0 5.406e-06
10446.0 6.154e-06
10448.0 6.901999999999999e-06
10450.0 7.65e-06
10452.0 1.5567999999999997e-05
10454.0 2.3486000000000002e-05
10456.0 3.1404e-05
10458.0 3.9322e-05
10460.0 4.724e-05
10462.0 4.141e-05
10464.0 3.558e-05
10466.0 2.975e-05
10468.0 2.392e-05
10470.0 1.809e-05
10472.0 1.9231999999999998e-05
10474.0 2.0374e-05
10476.0 2.1516000000000002e-05
10478.0 2.2658000000000002e-05
10480.0 2.3800000000000003e-05
10482.0 2.1091999999999997e-05
10484.0 1.8384e-05
10486.0 1.5676e-05
10488.0 1.2968e-05
10490.0 1.026e-05
10492.0 8.564e-06
10494.0 6.868e-06
10496.0 5.172e-06
10498.0 3.476e-06
10500.0 1.78e-06
10502.0 5.072e-06
10504.0 8.364e-06
10506.0 1.1656e-05
10508.0 1.4948e-05
10510.0 1.824e-05
10512.0 1.7574e-05
10514.0 1.6907999999999998e-05
10516.0 1.6241999999999998e-05
10518.0 1.5575999999999998e-05
10520.0 1.491e-05
10522.0 1.5236e-05
10524.0 1.5562e-05
10526.0 1.5888e-05
10528.0 1.6214e-05
10530.0 1.654e-05
10532.0 1.351e-05
10534.0 1.0480000000000001e-05
10536.0 7.45e-06
10538.0 4.42e-06
10540.0 1.3899999999999998e-06
10542.0 5.482e-06
10544.0 9.574e-06
10546.0 1.3666e-05
10548.0 1.7758e-05
10550.0 2.185e-05
10552.0 2.5664e-05
10554.0 2.9478e-05
10556.0 3.3292e-05
10558.0 3.7106e-05
10560.0 4.092e-05
10562.0 4.0623999999999996e-05
10564.0 4.0328e-05
10566.0 4.0032e-05
10568.0 3.9736e-05
10570.0 3.9439999999999995e-05
10572.0 3.7486e-05
10574.0 3.5532e-05
10576.0 3.3578e-05
10578.0 3.1624e-05
10580.0 2.967e-05
10582.0 3.4132e-05
10584.0 3.8594e-05
10586.0 4.3055999999999996e-05
10588.0 4.7517999999999995e-05
10590.0 5.198e-05
10592.0 4.8082000000000005e-05
10594.0 4.4184e-05
10596.0 4.0286e-05
10598.0 3.6388000000000005e-05
10600.0 3.249e-05
10602.0 4.193599999999999e-05
10604.0 5.1382e-05
10606.0 6.0828e-05
10608.0 7.0274e-05
10610.0 7.972e-05
10612.0 7.652e-05
10614.0 7.332e-05
10616.0 7.012e-05
10618.0 6.692e-05
10620.0 6.372e-05
10622.0 7.0458e-05
10624.0 7.7196e-05
10626.0 8.3934e-05
10628.0 9.067199999999999e-05
10630.0 9.740999999999999e-05
10632.0 0.00010059999999999999
10634.0 0.00010379
10636.0 0.00010698
10638.0 0.00011017000000000001
10640.0 0.00011336000000000001
10642.0 0.00011027
10644.0 0.00010718
10646.0 0.00010409
10648.0 0.000101
10650.0 9.790999999999999e-05
10652.0 9.3992e-05
10654.0 9.0074e-05
10656.0 8.615599999999999e-05
10658.0 8.2238e-05
10660.0 7.832000000000001e-05
10662.0 8.929e-05
10664.0 0.00010026
10666.0 0.00011122999999999999
10668.0 0.0001222
10670.0 0.00013317
10672.0 0.000130316
10674.0 0.00012746199999999998
10676.0 0.00012460799999999998
10678.0 0.000121754
10680.0 0.00011889999999999999
10682.0 0.000116044
10684.0 0.000113188
10686.0 0.000110332
10688.0 0.000107476
10690.0 0.00010462000000000001
10692.0 0.000107658
10694.0 0.00011069600000000001
10696.0 0.000113734
10698.0 0.000116772
10700.0 0.00011981
10702.0 0.000129556
10704.0 0.000139302
10706.0 0.000149048
10708.0 0.00015879399999999997
10710.0 0.00016854
10712.0 0.00017208399999999997
10714.0 0.000175628
10716.0 0.000179172
10718.0 0.00018271599999999998
10720.0 0.00018626
10722.0 0.000183778
10724.0 0.00018129599999999998
10726.0 0.00017881399999999999
10728.0 0.00017633200000000002
10730.0 0.00017385000000000002
10732.0 0.000178966
10734.0 0.000184082
10736.0 0.00018919800000000001
10738.0 0.000194314
10740.0 0.00019942999999999998
10742.0 0.00019893000000000002
10744.0 0.00019842999999999998
10746.0 0.00019793000000000002
10748.0 0.00019743
10750.0 0.00019693
10752.0 0.00020475799999999998
10754.0 0.000212586
10756.0 0.000220414
10758.0 0.000228242
10760.0 0.00023607
10762.0 0.000238142
10764.0 0.000240214
10766.0 0.000242286
10768.0 0.000244358
10770.0 0.00024643
10772.0 0.000247548
10774.0 0.000248666
10776.0 0.000249784
10778.0 0.000250902
10780.0 0.00025202
10782.0 0.00026792799999999996
10784.0 0.000283836
10786.0 0.000299744
10788.0 0.00031565200000000003
10790.0 0.00033156
10792.0 0.000331662
10794.0 0.000331764
10796.0 0.00033186599999999994
10798.0 0.000331968
10800.0 0.00033207
10802.0 0.00033673599999999997
10804.0 0.00034140200000000004
10806.0 0.000346068
10808.0 0.00035073399999999995
10810.0 0.0003554
10812.0 0.000350962
10814.0 0.000346524
10816.0 0.00034208599999999996
10818.0 0.00033764799999999996
10820.0 0.00033321
10822.0 0.000350144
10824.0 0.000367078
10826.0 0.00038401200000000004
10828.0 0.000400946
10830.0 0.00041788
10832.0 0.000424008
10834.0 0.000430136
10836.0 0.000436264
10838.0 0.000442392
10840.0 0.00044852000000000005
10842.0 0.000460666
10844.0 0.000472812
10846.0 0.00048495799999999996
10848.0 0.0004971040000000001
10850.0 0.0005092499999999999
10852.0 0.0005162060000000001
10854.0 0.000523162
10856.0 0.000530118
10858.0 0.000537074
10860.0 0.00054403
10862.0 0.000566862
10864.0 0.000589694
10866.0 0.000612526
10868.0 0.000635358
10870.0 0.00065819
10872.0 0.00066582
10874.0 0.00067345
10876.0 0.00068108
10878.0 0.00068871
10880.0 0.00069634
10882.0 0.0007076639999999999
10884.0 0.0007189879999999999
10886.0 0.000730312
10888.0 0.0007416359999999999
10890.0 0.00075296
10892.0 0.000779352
10894.0 0.0008057440000000001
10896.0 0.000832136
10898.0 0.0008585280000000001
10900.0 0.00088492
10902.0 0.000914682
10904.0 0.000944444
10906.0 0.0009742059999999999
10908.0 0.001003968
10910.0 0.00103373
10912.0 0.001061156
10914.0 0.001088582
10916.0 0.001116008
10918.0 0.001143434
10920.0 0.00117086
10922.0 0.00120913
10924.0 0.0012474
10926.0 0.0012856699999999998
10928.0 0.00132394
10930.0 0.00136221
10932.0 0.001396394
10934.0 0.001430578
10936.0 0.001464762
10938.0 0.001498946
10940.0 0.00153313
10942.0 0.0015836700000000001
10944.0 0.00163421
10946.0 0.00168475
10948.0 0.0017352899999999998
10950.0 0.00178583
10952.0 0.001836516
10954.0 0.0018872020000000002
10956.0 0.001937888
10958.0 0.001988574
10960.0 0.0020392599999999998
10962.0 0.002093798
10964.0 0.0021483360000000003
10966.0 0.002202874
10968.0 0.002257412
10970.0 0.00231195
10972.0 0.002379982
10974.0 0.002448014
10976.0 0.002516046
10978.0 0.002584078
10980.0 0.0026521099999999996
10982.0 0.002749936
10984.0 0.0028477619999999998
10986.0 0.0029455880000000003
10988.0 0.003043414
10990.0 0.00314124
10992.0 0.00325768
10994.0 0.00337412
10996.0 0.0034905599999999998
10998.0 0.0036070000000000004
11000.0 0.0
