05_Contrib/TimeDomain/PhotoReverberationMappingAGN/ZTF_data/ZTF_filters/ztf-i.ecsv
# %ECSV 1.0
# ---
# datatype:
# - {name: wavelength, unit: Angstrom, datatype: float64}
# - {name: response, datatype: float64}
# meta:
#   __serialized_columns__:
#     wavelength:
#       __class__: astropy.units.quantity.Quantity
#       unit: !astropy.units.Unit {unit: Angstrom}
#       value: !astropy.table.SerializedColumn {name: wavelength}
#   band_name: i
#   group_name: ztf
# schema: astropy-2.0
wavelength response
[from data line 754]
5210.0 1.38e-06
5212.0 1.344e-06
5214.0 1.308e-06
5216.0 1.272e-06
5218.0 1.236e-06
5220.0 1.2e-06
5222.0 5.785999999999999e-06
5224.0 1.0372e-05
5226.0 1.4958e-05
5228.0 1.9543999999999998e-05
5230.0 2.413e-05
5232.0 2.5718e-05
5234.0 2.7306000000000002e-05
5236.0 2.8893999999999998e-05
5238.0 3.0482e-05
5240.0 3.207e-05
5242.0 2.7048e-05
5244.0 2.2026e-05
5246.0 1.7004e-05
5248.0 1.1982e-05
5250.0 6.96e-06
5252.0 9.528e-06
5254.0 1.2095999999999999e-05
5256.0 1.4664e-05
5258.0 1.7232e-05
5260.0 1.98e-05
5262.0 1.8274e-05
5264.0 1.6748e-05
5266.0 1.5222000000000001e-05
5268.0 1.3695999999999999e-05
5270.0 1.217e-05
5272.0 1.0578e-05
5274.0 8.986e-06
5276.0 7.394e-06
5278.0 5.802e-06
5280.0 4.2099999999999995e-06
5282.0 9.282e-06
5284.0 1.4354e-05
5286.0 1.9426e-05
5288.0 2.4497999999999998e-05
5290.0 2.957e-05
5292.0 2.7139999999999998e-05
5294.0 2.4710000000000002e-05
5296.0 2.228e-05
5298.0 1.9849999999999998e-05
5300.0 1.742e-05
5302.0 2.0056000000000002e-05
5304.0 2.2692e-05
5306.0 2.5328e-05
5308.0 2.7964000000000002e-05
5310.0 3.06e-05
5312.0 2.6082000000000002e-05
5314.0 2.1564000000000002e-05
5316.0 1.7046e-05
5318.0 1.2528000000000001e-05
5320.0 8.01e-06
5322.0 7.508e-06
5324.0 7.006e-06
5326.0 6.504e-06
5328.0 6.0019999999999995e-06
5330.0 5.500000000000001e-06
5332.0 9.016e-06
5334.0 1.2532000000000001e-05
5336.0 1.6048e-05
5338.0 1.9564e-05
5340.0 2.3080000000000003e-05
5342.0 2.3327999999999998e-05
5344.0 2.3576e-05
5346.0 2.3823999999999998e-05
5348.0 2.4072e-05
5350.0 2.432e-05
5352.0 2.0512e-05
5354.0 1.6704e-05
5356.0 1.2896e-05
5358.0 9.088e-06
5360.0 5.28e-06
5362.0 9.24e-06
5364.0 1.32e-05
5366.0 1.7160000000000002e-05
5368.0 2.112e-05
5370.0 2.5079999999999997e-05
5372.0 2.4584e-05
5374.0 2.4088e-05
5376.0 2.3592e-05
5378.0 2.3096e-05
5380.0 2.2599999999999997e-05
5382.0 2.6632000000000002e-05
5384.0 3.0663999999999996e-05
5386.0 3.4696e-05
5388.0 3.8728e-05
5390.0 4.2760000000000004e-05
5392.0 4.065e-05
5394.0 3.854e-05
5396.0 3.643e-05
5398.0 3.4320000000000003e-05
5400.0 3.221e-05
5402.0 3.184e-05
5404.0 3.147e-05
5406.0 3.11e-05
5408.0 3.073e-05
5410.0 3.036e-05
5412.0 2.455e-05
5414.0 1.874e-05
5416.0 1.2930000000000002e-05
5418.0 7.12e-06
5420.0 1.3100000000000002e-06
5422.0 4.196e-06
5424.0 7.082e-06
5426.0 9.968e-06
5428.0 1.2854e-05
5430.0 1.5740000000000002e-05
5432.0 1.5764e-05
5434.0 1.5788e-05
5436.0 1.5812e-05
5438.0 1.5836e-05
5440.0 1.586e-05
5442.0 1.449e-05
5444.0 1.312e-05
5446.0 1.1750000000000001e-05
5448.0 1.038e-05
5450.0 9.01e-06
5452.0 1.1496e-05
5454.0 1.3982000000000001e-05
5456.0 1.6468e-05
5458.0 1.8954e-05
5460.0 2.144e-05
5462.0 1.9602e-05
5464.0 1.7764e-05
5466.0 1.5926e-05
5468.0 1.4088e-05
5470.0 1.225e-05
5472.0 1.2513999999999999e-05
5474.0 1.2777999999999999e-05
5476.0 1.3042e-05
5478.0 1.3306e-05
5480.0 1.3569999999999999e-05
5482.0 1.2558e-05
5484.0 1.1546e-05
5486.0 1.0534e-05
5488.0 9.522000000000001e-06
5490.0 8.51e-06
5492.0 1.24e-05
5494.0 1.629e-05
5496.0 2.018e-05
5498.0 2.4069999999999998e-05
5500.0 2.796e-05
5502.0 2.3968e-05
5504.0 1.9976e-05
5506.0 1.5984e-05
5508.0 1.1992000000000001e-05
5510.0 8e-06
5512.0 7.314e-06
5514.0 6.628e-06
5516.0 5.942e-06
5518.0 5.256e-06
5520.0 4.57e-06
5522.0 1.2027999999999999e-05
5524.0 1.9486e-05
5526.0 2.6944e-05
5528.0 3.4402e-05
5530.0 4.1859999999999996e-05
5532.0 3.8324e-05
5534.0 3.4788e-05
5536.0 3.1252e-05
5538.0 2.7716e-05
5540.0 2.418e-05
5542.0 2.379e-05
5544.0 2.34e-05
5546.0 2.301e-05
5548.0 2.262e-05
5550.0 2.2230000000000002e-05
5552.0 2.0138e-05
5554.0 1.8046e-05
5556.0 1.5954e-05
5558.0 1.3862e-05
5560.0 1.177e-05
5562.0 1.0232e-05
5564.0 8.694e-06
5566.0 7.156000000000001e-06
5568.0 5.618e-06
5570.0 4.08e-06
5572.0 1.0076e-05
5574.0 1.6072e-05
5576.0 2.2068e-05
5578.0 2.8064e-05
5580.0 3.406e-05
5582.0 2.9903999999999997e-05
5584.0 2.5747999999999998e-05
5586.0 2.1592e-05
5588.0 1.7436e-05
5590.0 1.328e-05
5592.0 1.194e-05
5594.0 1.06e-05
5596.0 9.26e-06
5598.0 7.919999999999999e-06
5600.0 6.58e-06
5602.0 9.838e-06
5604.0 1.3096e-05
5606.0 1.6354e-05
5608.0 1.9612e-05
5610.0 2.287e-05
5612.0 2.1752e-05
5614.0 2.0634e-05
5616.0 1.9516e-05
5618.0 1.8398e-05
5620.0 1.728e-05
5622.0 1.5932e-05
5624.0 1.4584000000000001e-05
5626.0 1.3236e-05
5628.0 1.1888e-05
5630.0 1.054e-05
5632.0 1.1204e-05
5634.0 1.1868e-05
5636.0 1.2532000000000001e-05
5638.0 1.3196e-05
5640.0 1.3860000000000001e-05
5642.0 1.8134e-05
5644.0 2.2408e-05
5646.0 2.6682e-05
5648.0 3.0956e-05
5650.0 3.523e-05
5652.0 3.189e-05
5654.0 2.855e-05
5656.0 2.5209999999999997e-05
5658.0 2.1870000000000002e-05
5660.0 1.853e-05
5662.0 1.552e-05
5664.0 1.2509999999999999e-05
5666.0 9.5e-06
5668.0 6.49e-06
5670.0 3.48e-06
5672.0 3.946e-06
5674.0 4.412e-06
5676.0 4.878e-06
5678.0 5.344e-06
5680.0 5.81e-06
5682.0 1.1142000000000001e-05
5684.0 1.6474000000000002e-05
5686.0 2.1806e-05
5688.0 2.7138e-05
5690.0 3.247e-05
5692.0 2.7478e-05
5694.0 2.2485999999999998e-05
5696.0 1.7494e-05
5698.0 1.2502e-05
5700.0 7.51e-06
5702.0 9.488e-06
5704.0 1.1466e-05
5706.0 1.3443999999999999e-05
5708.0 1.5422000000000002e-05
5710.0 1.74e-05
5712.0 1.6998e-05
5714.0 1.6596000000000002e-05
5716.0 1.6194e-05
5718.0 1.5792e-05
5720.0 1.539e-05
5722.0 1.5672e-05
5724.0 1.5954e-05
5726.0 1.6236e-05
5728.0 1.6518e-05
5730.0 1.6800000000000002e-05
5732.0 1.7918e-05
5734.0 1.9036000000000002e-05
5736.0 2.0154e-05
5738.0 2.1272000000000002e-05
5740.0 2.239e-05
5742.0 2.33e-05
5744.0 2.421e-05
5746.0 2.512e-05
5748.0 2.603e-05
5750.0 2.6940000000000003e-05
5752.0 2.2057999999999998e-05
5754.0 1.7176e-05
5756.0 1.2294000000000001e-05
5758.0 7.412e-06
5760.0 2.5300000000000003e-06
5762.0 3.106e-06
5764.0 3.682e-06
5766.0 4.258e-06
5768.0 4.834e-06
5770.0 5.410000000000001e-06
5772.0 5.8219999999999995e-06
5774.0 6.234e-06
5776.0 6.646e-06
5778.0 7.058e-06
5780.0 7.4700000000000005e-06
5782.0 5.976e-06
5784.0 4.482e-06
5786.0 2.988e-06
5788.0 1.494e-06
5790.0 6.72205e-20
5792.0 5.459999999999999e-07
5794.0 1.0919999999999999e-06
5796.0 1.638e-06
5798.0 2.1839999999999998e-06
5800.0 2.73e-06
5802.0 2.834e-06
5804.0 2.9379999999999997e-06
5806.0 3.0420000000000003e-06
5808.0 3.146e-06
5810.0 3.25e-06
5812.0 8.1e-06
5814.0 1.295e-05
5816.0 1.78e-05
5818.0 2.265e-05
5820.0 2.7499999999999998e-05
5822.0 2.7247999999999997e-05
5824.0 2.6996e-05
5826.0 2.6744e-05
5828.0 2.6492e-05
5830.0 2.624e-05
5832.0 2.2202e-05
5834.0 1.8163999999999998e-05
5836.0 1.4126e-05
5838.0 1.0088e-05
5840.0 6.05e-06
5842.0 1.2074e-05
5844.0 1.8098000000000002e-05
5846.0 2.4122e-05
5848.0 3.0146000000000002e-05
5850.0 3.617e-05
5852.0 3.5038e-05
5854.0 3.3906000000000004e-05
5856.0 3.2774e-05
5858.0 3.1642e-05
5860.0 3.0509999999999998e-05
5862.0 2.6364e-05
5864.0 2.2218e-05
5866.0 1.8072e-05
5868.0 1.3925999999999998e-05
5870.0 9.78e-06
5872.0 1.0804e-05
5874.0 1.1828e-05
5876.0 1.2852e-05
5878.0 1.3875999999999999e-05
5880.0 1.49e-05
5882.0 1.3079999999999998e-05
5884.0 1.126e-05
5886.0 9.44e-06
5888.0 7.62e-06
5890.0 5.8e-06
5892.0 5.062000000000001e-06
5894.0 4.324e-06
5896.0 3.586e-06
5898.0 2.8479999999999997e-06
5900.0 2.11e-06
5902.0 6.256e-06
5904.0 1.0402e-05
5906.0 1.4548e-05
5908.0 1.8694e-05
5910.0 2.284e-05
5912.0 1.9659999999999998e-05
5914.0 1.6479999999999998e-05
5916.0 1.33e-05
5918.0 1.0120000000000001e-05
5920.0 6.94e-06
5922.0 9.258e-06
5924.0 1.1575999999999999e-05
5926.0 1.3894000000000001e-05
5928.0 1.6212e-05
5930.0 1.853e-05
5932.0 1.654e-05
5934.0 1.455e-05
5936.0 1.256e-05
5938.0 1.057e-05
5940.0 8.580000000000001e-06
5942.0 9.594e-06
5944.0 1.0607999999999999e-05
5946.0 1.1622e-05
5948.0 1.2635999999999999e-05
5950.0 1.365e-05
5952.0 1.3626000000000001e-05
5954.0 1.3602e-05
5956.0 1.3578e-05
5958.0 1.3554000000000001e-05
5960.0 1.3530000000000001e-05
5962.0 1.6802e-05
5964.0 2.0073999999999998e-05
5966.0 2.3346e-05
5968.0 2.6618e-05
5970.0 2.989e-05
5972.0 2.6196e-05
5974.0 2.2502e-05
5976.0 1.8808e-05
5978.0 1.5114e-05
5980.0 1.142e-05
5982.0 1.1762e-05
5984.0 1.2104e-05
5986.0 1.2446e-05
5988.0 1.2788e-05
5990.0 1.313e-05
5992.0 1.6916e-05
5994.0 2.0702e-05
5996.0 2.4488e-05
5998.0 2.8273999999999997e-05
6000.0 3.206e-05
6002.0 2.9726000000000003e-05
6004.0 2.7391999999999998e-05
6006.0 2.5058e-05
6008.0 2.2723999999999998e-05
6010.0 2.039e-05
6012.0 2.3552e-05
6014.0 2.6714e-05
6016.0 2.9876e-05
6018.0 3.3038e-05
6020.0 3.62e-05
6022.0 4.1314000000000005e-05
6024.0 4.6428e-05
6026.0 5.1542e-05
6028.0 5.6656e-05
6030.0 6.177e-05
6032.0 5.4653999999999995e-05
6034.0 4.7538e-05
6036.0 4.0422e-05
6038.0 3.3306e-05
6040.0 2.6189999999999998e-05
6042.0 2.3168e-05
6044.0 2.0146e-05
6046.0 1.7124e-05
6048.0 1.4102e-05
6050.0 1.108e-05
6052.0 1.6278e-05
6054.0 2.1476e-05
6056.0 2.6674e-05
6058.0 3.1871999999999996e-05
6060.0 3.7069999999999996e-05
6062.0 3.5226e-05
6064.0 3.3382e-05
6066.0 3.1538e-05
6068.0 2.9694e-05
6070.0 2.7850000000000003e-05
6072.0 2.4264e-05
6074.0 2.0677999999999998e-05
6076.0 1.7092e-05
6078.0 1.3505999999999999e-05
6080.0 9.92e-06
6082.0 9.971999999999999e-06
6084.0 1.0024000000000001e-05
6086.0 1.0076e-05
6088.0 1.0127999999999999e-05
6090.0 1.018e-05
6092.0 1.1544000000000002e-05
6094.0 1.2907999999999999e-05
6096.0 1.4272e-05
6098.0 1.5636e-05
6100.0 1.7e-05
6102.0 2.0552000000000002e-05
6104.0 2.4104e-05
6106.0 2.7656e-05
6108.0 3.1208e-05
6110.0 3.476e-05
6112.0 2.8939999999999997e-05
6114.0 2.312e-05
6116.0 1.73e-05
6118.0 1.1479999999999999e-05
6120.0 5.66e-06
6122.0 5.43e-06
6124.0 5.199999999999999e-06
6126.0 4.970000000000001e-06
6128.0 4.7399999999999995e-06
6130.0 4.51e-06
6132.0 8.708e-06
6134.0 1.2906e-05
6136.0 1.7104e-05
6138.0 2.1302e-05
6140.0 2.5500000000000003e-05
6142.0 2.5974000000000002e-05
6144.0 2.6448e-05
6146.0 2.6922e-05
6148.0 2.7396e-05
6150.0 2.787e-05
6152.0 2.3736e-05
6154.0 1.9602e-05
6156.0 1.5468e-05
6158.0 1.1333999999999999e-05
6160.0 7.2000000000000005e-06
6162.0 8.463999999999999e-06
6164.0 9.728e-06
6166.0 1.0992e-05
6168.0 1.2256000000000001e-05
6170.0 1.352e-05
6172.0 1.1994e-05
6174.0 1.0468e-05
6176.0 8.942e-06
6178.0 7.416000000000001e-06
6180.0 5.89e-06
6182.0 7.17e-06
6184.0 8.45e-06
6186.0 9.73e-06
6188.0 1.101e-05
6190.0 1.2290000000000001e-05
6192.0 1.2451999999999999e-05
6194.0 1.2614e-05
6196.0 1.2776000000000001e-05
6198.0 1.2937999999999999e-05
6200.0 1.31e-05
6202.0 1.2416000000000001e-05
6204.0 1.1731999999999999e-05
6206.0 1.1048e-05
6208.0 1.0364000000000001e-05
6210.0 9.68e-06
6212.0 1.0196e-05
6214.0 1.0712e-05
6216.0 1.1228e-05
6218.0 1.1744e-05
6220.0 1.2260000000000001e-05
6222.0 1.747e-05
6224.0 2.268e-05
6226.0 2.789e-05
6228.0 3.31e-05
6230.0 3.8310000000000004e-05
6232.0 3.7182e-05
6234.0 3.6054e-05
6236.0 3.4926e-05
6238.0 3.3798000000000004e-05
6240.0 3.267e-05
6242.0 2.6816000000000002e-05
6244.0 2.0962e-05
6246.0 1.5108e-05
6248.0 9.254e-06
6250.0 3.4e-06
6252.0 5.5880000000000005e-06
6254.0 7.776e-06
6256.0 9.964e-06
6258.0 1.2152e-05
6260.0 1.434e-05
6262.0 1.9238e-05
6264.0 2.4136e-05
6266.0 2.9034e-05
6268.0 3.3932e-05
6270.0 3.883e-05
6272.0 3.6636e-05
6274.0 3.4442e-05
6276.0 3.2248e-05
6278.0 3.0054e-05
6280.0 2.7859999999999998e-05
6282.0 2.4436e-05
6284.0 2.1012e-05
6286.0 1.7588e-05
6288.0 1.4164e-05
6290.0 1.074e-05
6292.0 1.3715999999999999e-05
6294.0 1.6692e-05
6296.0 1.9668e-05
6298.0 2.2644000000000002e-05
6300.0 2.5620000000000002e-05
6302.0 2.8517999999999997e-05
6304.0 3.1416e-05
6306.0 3.4314e-05
6308.0 3.7212e-05
6310.0 4.011e-05
6312.0 4.4452e-05
6314.0 4.8794e-05
6316.0 5.3136e-05
6318.0 5.7478e-05
6320.0 6.182e-05
6322.0 5.1133999999999995e-05
6324.0 4.0448e-05
6326.0 2.9762e-05
6328.0 1.9075999999999998e-05
6330.0 8.39e-06
6332.0 7.262e-06
6334.0 6.133999999999999e-06
6336.0 5.006e-06
6338.0 3.878e-06
6340.0 2.7500000000000004e-06
6342.0 4.6e-06
6344.0 6.449999999999999e-06
6346.0 8.3e-06
6348.0 1.0150000000000001e-05
6350.0 1.1999999999999999e-05
6352.0 1.2941999999999999e-05
6354.0 1.3884e-05
6356.0 1.4826e-05
6358.0 1.5768e-05
6360.0 1.671e-05
6362.0 1.4638e-05
6364.0 1.2566000000000001e-05
6366.0 1.0494e-05
6368.0 8.422e-06
6370.0 6.35e-06
6372.0 5.222e-06
6374.0 4.094e-06
6376.0 2.966e-06
6378.0 1.838e-06
6380.0 7.100000000000001e-07
6382.0 5.1679999999999995e-06
6384.0 9.625999999999999e-06
6386.0 1.4084e-05
6388.0 1.8542e-05
6390.0 2.3e-05
6392.0 2.4735999999999998e-05
6394.0 2.6472e-05
6396.0 2.8208e-05
6398.0 2.9944e-05
6400.0 3.1679999999999995e-05
6402.0 2.6126e-05
6404.0 2.0572e-05
6406.0 1.5018e-05
6408.0 9.464e-06
6410.0 3.91e-06
6412.0 7.422e-06
6414.0 1.0934e-05
6416.0 1.4446e-05
6418.0 1.7958e-05
6420.0 2.147e-05
6422.0 2.2897999999999997e-05
6424.0 2.4326e-05
6426.0 2.5753999999999998e-05
6428.0 2.7182e-05
6430.0 2.861e-05
6432.0 3.3916e-05
6434.0 3.9222e-05
6436.0 4.4528e-05
6438.0 4.9834e-05
6440.0 5.514e-05
6442.0 4.8367999999999995e-05
6444.0 4.1596e-05
6446.0 3.4824000000000004e-05
6448.0 2.8052e-05
6450.0 2.128e-05
6452.0 2.0512e-05
6454.0 1.9744e-05
6456.0 1.8976e-05
6458.0 1.8208e-05
6460.0 1.7440000000000002e-05
6462.0 1.7674e-05
6464.0 1.7908e-05
6466.0 1.8142e-05
6468.0 1.8376e-05
6470.0 1.861e-05
6472.0 1.5672e-05
6474.0 1.2734e-05
6476.0 9.795999999999999e-06
6478.0 6.857999999999999e-06
6480.0 3.92e-06
6482.0 5.672e-06
6484.0 7.424e-06
6486.0 9.176e-06
6488.0 1.0928000000000001e-05
6490.0 1.268e-05
6492.0 1.5912e-05
6494.0 1.9144e-05
6496.0 2.2376e-05
6498.0 2.5608e-05
6500.0 2.884e-05
6502.0 2.5929999999999997e-05
6504.0 2.3019999999999996e-05
6506.0 2.0110000000000002e-05
6508.0 1.7199999999999998e-05
6510.0 1.4289999999999999e-05
6512.0 2.1879999999999997e-05
6514.0 2.947e-05
6516.0 3.706e-05
6518.0 4.465e-05
6520.0 5.224e-05
6522.0 4.3552e-05
6524.0 3.4864000000000004e-05
6526.0 2.6175999999999998e-05
6528.0 1.7488e-05
6530.0 8.8e-06
6532.0 8.874e-06
6534.0 8.948e-06
6536.0 9.022000000000001e-06
6538.0 9.096e-06
6540.0 9.17e-06
6542.0 9.866e-06
6544.0 1.0562e-05
6546.0 1.1258e-05
6548.0 1.1954000000000001e-05
6550.0 1.2650000000000001e-05
6552.0 2.6336e-05
6554.0 4.0022e-05
6556.0 5.3708e-05
6558.0 6.7394e-05
6560.0 8.108e-05
6562.0 7.475e-05
6564.0 6.842e-05
6566.0 6.209e-05
6568.0 5.576e-05
6570.0 4.9430000000000006e-05
6572.0 4.2502e-05
6574.0 3.5574e-05
6576.0 2.8646e-05
6578.0 2.1718e-05
6580.0 1.479e-05
6582.0 1.5419999999999998e-05
6584.0 1.605e-05
6586.0 1.668e-05
6588.0 1.731e-05
6590.0 1.794e-05
6592.0 2.5518e-05
6594.0 3.3096e-05
6596.0 4.0674e-05
6598.0 4.8252e-05
6600.0 5.5830000000000006e-05
6602.0 5.1458e-05
6604.0 4.7086e-05
6606.0 4.2714e-05
6608.0 3.8342e-05
6610.0 3.397e-05
6612.0 3.0154e-05
6614.0 2.6338e-05
6616.0 2.2522000000000002e-05
6618.0 1.8706e-05
6620.0 1.4890000000000001e-05
6622.0 2.421e-05
6624.0 3.353e-05
6626.0 4.285e-05
6628.0 5.2170000000000004e-05
6630.0 6.149e-05
6632.0 6.9398e-05
6634.0 7.7306e-05
6636.0 8.5214e-05
6638.0 9.3122e-05
6640.0 0.00010102999999999999
6642.0 0.00010969400000000001
6644.0 0.00011835800000000001
6646.0 0.000127022
6648.0 0.000135686
6650.0 0.00014435
6652.0 0.000133024
6654.0 0.000121698
6656.0 0.000110372
6658.0 9.9046e-05
6660.0 8.772000000000001e-05
6662.0 7.976199999999999e-05
6664.0 7.1804e-05
6666.0 6.3846e-05
6668.0 5.5888e-05
6670.0 4.7930000000000004e-05
6672.0 5.9698e-05
6674.0 7.146600000000001e-05
6676.0 8.3234e-05
6678.0 9.500200000000001e-05
6680.0 0.00010677000000000001
6682.0 0.00012387
6684.0 0.00014097
6686.0 0.00015807
6688.0 0.00017517000000000002
6690.0 0.00019227
6692.0 0.00018683000000000003
6694.0 0.00018139
6696.0 0.00017595
6698.0 0.00017051
6700.0 0.00016507000000000002
6702.0 0.000156804
6704.0 0.000148538
6706.0 0.000140272
6708.0 0.000132006
6710.0 0.00012374
6712.0 0.000125758
6714.0 0.000127776
6716.0 0.000129794
6718.0 0.000131812
6720.0 0.00013383
6722.0 0.00014342199999999998
6724.0 0.000153014
6726.0 0.000162606
6728.0 0.000172198
6730.0 0.00018179
6732.0 0.000189374
6734.0 0.000196958
6736.0 0.000204542
6738.0 0.000212126
6740.0 0.00021971000000000002
6742.0 0.00021682
6744.0 0.00021392999999999998
6746.0 0.00021104
6748.0 0.00020815
6750.0 0.00020526
6752.0 0.000194796
