05_Contrib/TimeDomain/PhotoReverberationMappingAGN/ZTF_data/ZTF_filters/ztf-i.ecsv
# %ECSV 1.0
# ---
# datatype:
# - {name: wavelength, unit: Angstrom, datatype: float64}
# - {name: response, datatype: float64}
# meta:
#   __serialized_columns__:
#     wavelength:
#       __class__: astropy.units.quantity.Quantity
#       unit: !astropy.units.Unit {unit: Angstrom}
#       value: !astropy.table.SerializedColumn {name: wavelength}
#   band_name: i
#   group_name: ztf
# schema: astropy-2.0
wavelength response
[from data line 2336]
8374.0 0.9971578
8376.0 0.9971492000000001
8378.0 0.9971406
8380.0 0.997132
8382.0 0.9963960000000001
8384.0 0.99566
8386.0 0.994924
8388.0 0.9941880000000001
8390.0 0.993452
8392.0 0.9939192
8394.0 0.9943864000000001
8396.0 0.9948536
8398.0 0.9953207999999999
8400.0 0.995788
8402.0 0.995622
8404.0 0.9954559999999999
8406.0 0.99529
8408.0 0.995124
8410.0 0.994958
8412.0 0.9950004
8414.0 0.9950427999999999
8416.0 0.9950852
8418.0 0.9951276
8420.0 0.99517
8422.0 0.9947376
8424.0 0.9943052
8426.0 0.9938728
8428.0 0.9934404000000001
8430.0 0.993008
8432.0 0.9935826
8434.0 0.9941572
8436.0 0.9947317999999999
8438.0 0.9953064
8440.0 0.995881
8442.0 0.9959924
8444.0 0.9961038000000001
8446.0 0.9962152000000001
8448.0 0.9963266000000001
8450.0 0.9964379999999999
8452.0 0.9967001999999999
8454.0 0.9969624
8456.0 0.9972246
8458.0 0.9974867999999999
8460.0 0.997749
8462.0 0.9971165999999999
8464.0 0.9964842
8466.0 0.9958518
8468.0 0.9952194
8470.0 0.9945869999999999
8472.0 0.9953004
8474.0 0.9960138000000001
8476.0 0.9967272
8478.0 0.9974406
8480.0 0.998154
8482.0 0.9972284
8484.0 0.9963028
8486.0 0.9953772
8488.0 0.9944516
8490.0 0.9935259999999999
8492.0 0.9936734
8494.0 0.9938208000000001
8496.0 0.9939682000000001
8498.0 0.9941156
8500.0 0.994263
8502.0 0.9950282
8504.0 0.9957934
8506.0 0.9965586000000001
8508.0 0.9973238000000001
8510.0 0.9980889999999999
8512.0 0.9981762000000001
8514.0 0.9982634
8516.0 0.9983506
8518.0 0.9984377999999999
8520.0 0.9985250000000001
8522.0 0.9979442000000001
8524.0 0.9973634
8526.0 0.9967826
8528.0 0.9962018
8530.0 0.995621
8532.0 0.995626
8534.0 0.995631
8536.0 0.995636
8538.0 0.995641
8540.0 0.995646
8542.0 0.9958889999999999
8544.0 0.996132
8546.0 0.996375
8548.0 0.996618
8550.0 0.996861
8552.0 0.9970262
8554.0 0.9971914
8556.0 0.9973565999999999
8558.0 0.9975217999999999
8560.0 0.997687
8562.0 0.9974196000000001
8564.0 0.9971522
8566.0 0.9968848
8568.0 0.9966174
8570.0 0.9963500000000001
8572.0 0.9965224
8574.0 0.9966947999999999
8576.0 0.9968672
8578.0 0.9970395999999999
8580.0 0.997212
8582.0 0.996935
8584.0 0.996658
8586.0 0.996381
8588.0 0.996104
8590.0 0.995827
8592.0 0.995765
8594.0 0.995703
8596.0 0.995641
8598.0 0.995579
8600.0 0.995517
8602.0 0.9956712
8604.0 0.9958254
8606.0 0.9959796
8608.0 0.9961338000000001
8610.0 0.996288
8612.0 0.9964048
8614.0 0.9965215999999999
8616.0 0.9966383999999999
8618.0 0.9967552000000001
8620.0 0.9968720000000001
8622.0 0.9965942
8624.0 0.9963164
8626.0 0.9960386
8628.0 0.9957608
8630.0 0.995483
8632.0 0.9953782
8634.0 0.9952734
8636.0 0.9951686
8638.0 0.9950637999999999
8640.0 0.994959
8642.0 0.9941608
8644.0 0.9933626
8646.0 0.9925644
8648.0 0.9917662
8650.0 0.9909680000000001
8652.0 0.9888818
8654.0 0.9867956
8656.0 0.9847094
8658.0 0.9826232
8660.0 0.9805370000000001
8662.0 0.9766758
8664.0 0.9728146
8666.0 0.9689534000000001
8668.0 0.9650922
8670.0 0.961231
8672.0 0.9548532000000001
8674.0 0.9484754
8676.0 0.9420976
8678.0 0.9357198
8680.0 0.929342
8682.0 0.9200654
8684.0 0.9107888
8686.0 0.9015122
8688.0 0.8922356
8690.0 0.882959
8692.0 0.8693598
8694.0 0.8557606
8696.0 0.8421614
8698.0 0.8285621999999999
8700.0 0.8149630000000001
8702.0 0.7978152000000001
8704.0 0.7806674
8706.0 0.7635196000000001
8708.0 0.7463718
8710.0 0.729224
8712.0 0.7095402
8714.0 0.6898564
8716.0 0.6701725999999999
8718.0 0.6504888
8720.0 0.6308050000000001
8722.0 0.6098060000000001
8724.0 0.588807
8726.0 0.567808
8728.0 0.546809
8730.0 0.52581
8732.0 0.5058496
8734.0 0.4858892
8736.0 0.46592880000000003
8738.0 0.4459684
8740.0 0.426008
8742.0 0.4078134
8744.0 0.3896188
8746.0 0.37142420000000004
8748.0 0.35322960000000003
8750.0 0.335035
8752.0 0.31963
8754.0 0.30422499999999997
8756.0 0.28882
8758.0 0.273415
8760.0 0.25800999999999996
8762.0 0.24556319999999998
8764.0 0.2331164
8766.0 0.22066960000000002
8768.0 0.20822279999999999
8770.0 0.195776
8772.0 0.1860374
8774.0 0.1762988
8776.0 0.16656020000000002
8778.0 0.1568216
8780.0 0.147083
8782.0 0.13982139999999998
8784.0 0.1325598
8786.0 0.1252982
8788.0 0.1180366
8790.0 0.11077500000000001
8792.0 0.10527072
8794.0 0.09976644
8796.0 0.09426216
8798.0 0.08875788
8800.0 0.0832536
8802.0 0.0791651
8804.0 0.0750766
8806.0 0.0709881
8808.0 0.0668996
8810.0 0.0628111
8812.0 0.059802299999999996
8814.0 0.056793500000000004
8816.0 0.0537847
8818.0 0.0507759
8820.0 0.04776709999999999
8822.0 0.04552448
8824.0 0.04328186
8826.0 0.041039240000000005
8828.0 0.038796620000000004
8830.0 0.036554
8832.0 0.034893179999999996
8834.0 0.03323236
8836.0 0.031571539999999995
8838.0 0.02991072
8840.0 0.0282499
8842.0 0.02698906
8844.0 0.02572822
8846.0 0.024467379999999997
8848.0 0.02320654
8850.0 0.021945700000000002
8852.0 0.02101246
8854.0 0.020079220000000002
8856.0 0.01914598
8858.0 0.01821274
8860.0 0.0172795
8862.0 0.01654214
8864.0 0.01580478
8866.0 0.01506742
8868.0 0.01433006
8870.0 0.0135927
8872.0 0.0130415
8874.0 0.012490300000000001
8876.0 0.011939100000000001
8878.0 0.0113879
8880.0 0.0108367
8882.0 0.010389082000000001
8884.0 0.009941464
8886.0 0.009493846
8888.0 0.009046228
8890.0 0.00859861
8892.0 0.008276884
8894.0 0.007955158
8896.0 0.007633432
8898.0 0.007311706
8900.0 0.00698998
8902.0 0.0067417300000000005
8904.0 0.00649348
8906.0 0.006245230000000001
8908.0 0.00599698
8910.0 0.00574873
8912.0 0.005523612
8914.0 0.005298494
8916.0 0.005073376000000001
8918.0 0.004848257999999999
8920.0 0.00462314
8922.0 0.004477964
8924.0 0.004332788000000001
8926.0 0.004187612
8928.0 0.004042436
8930.0 0.00389726
8932.0 0.0037513419999999995
8934.0 0.003605424
8936.0 0.0034595059999999998
8938.0 0.003313588
8940.0 0.00316767
8942.0 0.0030764760000000003
8944.0 0.002985282
8946.0 0.0028940880000000004
8948.0 0.0028028940000000002
8950.0 0.0027117
8952.0 0.002614914
8954.0 0.002518128
8956.0 0.002421342
8958.0 0.002324556
8960.0 0.00222777
8962.0 0.0021574479999999997
8964.0 0.002087126
8966.0 0.002016804
8968.0 0.001946482
8970.0 0.00187616
8972.0 0.0018041119999999999
8974.0 0.0017320640000000002
8976.0 0.001660016
8978.0 0.001587968
8980.0 0.00151592
8982.0 0.0014727960000000002
8984.0 0.0014296719999999999
8986.0 0.001386548
8988.0 0.001343424
8990.0 0.0013003000000000001
8992.0 0.001270808
8994.0 0.001241316
8996.0 0.001211824
8998.0 0.001182332
9000.0 0.00115284
9002.0 0.00111174
9004.0 0.00107064
9006.0 0.00102954
9008.0 0.00098844
9010.0 0.00094734
9012.0 0.000918904
9014.0 0.0008904679999999999
9016.0 0.000862032
9018.0 0.000833596
9020.0 0.0008051600000000001
9022.0 0.0007909140000000001
9024.0 0.0007766679999999999
9026.0 0.000762422
9028.0 0.000748176
9030.0 0.00073393
9032.0 0.000708236
9034.0 0.000682542
9036.0 0.000656848
9038.0 0.000631154
9040.0 0.00060546
9042.0 0.000587662
9044.0 0.000569864
9046.0 0.000552066
9048.0 0.0005342680000000001
9050.0 0.00051647
9052.0 0.0005099999999999999
9054.0 0.00050353
9056.0 0.00049706
9058.0 0.00049059
9060.0 0.00048412
9062.0 0.000460412
9064.0 0.000436704
9066.0 0.000412996
9068.0 0.000389288
9070.0 0.00036558
9072.0 0.000358242
9074.0 0.000350904
9076.0 0.000343566
9078.0 0.000336228
9080.0 0.00032889000000000003
9082.0 0.000327408
9084.0 0.000325926
9086.0 0.00032444399999999996
9088.0 0.000322962
9090.0 0.00032148
9092.0 0.000315126
9094.0 0.000308772
9096.0 0.000302418
9098.0 0.000296064
9100.0 0.00028971
9102.0 0.000280442
9104.0 0.000271174
9106.0 0.000261906
9108.0 0.000252638
9110.0 0.00024337000000000002
9112.0 0.00023223799999999998
9114.0 0.00022110600000000002
9116.0 0.000209974
9118.0 0.00019884200000000002
9120.0 0.00018771
9122.0 0.00018629400000000002
9124.0 0.00018487799999999997
9126.0 0.000183462
9128.0 0.00018204600000000003
9130.0 0.00018062999999999998
9132.0 0.000184558
9134.0 0.000188486
9136.0 0.000192414
9138.0 0.000196342
9140.0 0.00020027
9142.0 0.00017696799999999998
9144.0 0.000153666
9146.0 0.000130364
9148.0 0.00010706200000000001
9150.0 8.376e-05
9152.0 8.659e-05
9154.0 8.942000000000001e-05
9156.0 9.225e-05
9158.0 9.508e-05
9160.0 9.790999999999999e-05
9162.0 0.00010166
9164.0 0.00010541
9166.0 0.00010916
9168.0 0.00011291
9170.0 0.00011666
9172.0 0.000116562
9174.0 0.00011646399999999999
9176.0 0.000116366
9178.0 0.00011626799999999999
9180.0 0.00011617000000000001
9182.0 0.000105694
9184.0 9.521800000000001e-05
9186.0 8.4742e-05
9188.0 7.4266e-05
9190.0 6.379e-05
9192.0 6.481999999999999e-05
9194.0 6.585e-05
9196.0 6.688000000000001e-05
9198.0 6.791e-05
9200.0 6.894e-05
9202.0 6.8178e-05
9204.0 6.7416e-05
9206.0 6.6654e-05
9208.0 6.5892e-05
9210.0 6.513e-05
9212.0 5.6768e-05
9214.0 4.8406e-05
9216.0 4.0044e-05
9218.0 3.1682e-05
9220.0 2.332e-05
9222.0 2.833e-05
9224.0 3.334e-05
9226.0 3.835e-05
9228.0 4.336e-05
9230.0 4.837e-05
9232.0 4.7743999999999996e-05
9234.0 4.7118000000000005e-05
9236.0 4.6492e-05
9238.0 4.5866e-05
9240.0 4.524e-05
9242.0 4.2148000000000004e-05
9244.0 3.9056e-05
9246.0 3.5964e-05
9248.0 3.2872e-05
9250.0 2.9780000000000003e-05
9252.0 2.668e-05
9254.0 2.3579999999999998e-05
9256.0 2.048e-05
9258.0 1.738e-05
9260.0 1.428e-05
9262.0 1.9842e-05
9264.0 2.5404e-05
9266.0 3.0966e-05
9268.0 3.6528e-05
9270.0 4.209e-05
9272.0 4.5486e-05
9274.0 4.8882e-05
9276.0 5.2278e-05
9278.0 5.5674e-05
9280.0 5.907e-05
9282.0 5.0142e-05
9284.0 4.1214e-05
9286.0 3.2285999999999995e-05
9288.0 2.3358e-05
9290.0 1.443e-05
9292.0 1.3470000000000001e-05
9294.0 1.2509999999999999e-05
9296.0 1.155e-05
9298.0 1.059e-05
9300.0 9.63e-06
9302.0 1.1872000000000001e-05
9304.0 1.4113999999999999e-05
9306.0 1.6356e-05
9308.0 1.8598e-05
9310.0 2.084e-05
9312.0 2.1892e-05
9314.0 2.2944e-05
9316.0 2.3996e-05
9318.0 2.5048e-05
9320.0 2.6099999999999997e-05
9322.0 2.9508e-05
9324.0 3.2916e-05
9326.0 3.6324e-05
9328.0 3.9732e-05
9330.0 4.3140000000000004e-05
9332.0 4.1054000000000004e-05
9334.0 3.8968000000000004e-05
9336.0 3.6882e-05
9338.0 3.4796e-05
9340.0 3.2710000000000004e-05
9342.0 2.9048e-05
9344.0 2.5385999999999997e-05
9346.0 2.1724e-05
9348.0 1.8062e-05
9350.0 1.4400000000000001e-05
9352.0 1.8228000000000002e-05
9354.0 2.2055999999999997e-05
9356.0 2.5883999999999998e-05
9358.0 2.9712e-05
9360.0 3.354e-05
9362.0 3.8994e-05
9364.0 4.4448e-05
9366.0 4.9902000000000004e-05
9368.0 5.5355999999999997e-05
9370.0 6.0809999999999995e-05
9372.0 4.8648e-05
9374.0 3.6486e-05
9376.0 2.4324e-05
9378.0 1.2162e-05
9382.0 8.809999999999999e-06
9384.0 1.7619999999999997e-05
9386.0 2.643e-05
9388.0 3.5239999999999995e-05
9390.0 4.405e-05
9392.0 4.2476e-05
9394.0 4.0902e-05
9396.0 3.9328e-05
9398.0 3.7754e-05
9400.0 3.618e-05
9402.0 3.6519999999999996e-05
9404.0 3.686e-05
9406.0 3.72e-05
9408.0 3.7539999999999996e-05
9410.0 3.788e-05
9412.0 3.3674e-05
9414.0 2.9468e-05
9416.0 2.5262000000000003e-05
9418.0 2.1056e-05
9420.0 1.685e-05
9422.0 2.1142000000000002e-05
9424.0 2.5434e-05
9426.0 2.9726000000000003e-05
9428.0 3.4018e-05
9430.0 3.8310000000000004e-05
9432.0 3.1213999999999996e-05
9434.0 2.4118e-05
9436.0 1.7022e-05
9438.0 9.926e-06
9440.0 2.83e-06
9442.0 2.944e-06
9444.0 3.058e-06
9446.0 3.1720000000000003e-06
9448.0 3.2860000000000004e-06
9450.0 3.4e-06
9452.0 3.9399999999999995e-06
9454.0 4.48e-06
9456.0 5.019999999999999e-06
9458.0 5.559999999999999e-06
9460.0 6.1e-06
9462.0 5.12e-06
9464.0 4.14e-06
9466.0 3.16e-06
9468.0 2.1800000000000003e-06
9470.0 1.2e-06
9472.0 3.86e-06
9474.0 6.52e-06
9476.0 9.18e-06
9478.0 1.184e-05
9480.0 1.4499999999999998e-05
9482.0 1.423e-05
9484.0 1.3960000000000002e-05
9486.0 1.369e-05
9488.0 1.342e-05
9490.0 1.315e-05
9492.0 1.0982e-05
9494.0 8.813999999999999e-06
9496.0 6.646e-06
9498.0 4.478e-06
9500.0 2.31e-06
9502.0 3.8400000000000005e-06
9504.0 5.37e-06
9506.0 6.9e-06
9508.0 8.43e-06
9510.0 9.96e-06
9512.0 1.0889999999999999e-05
9514.0 1.182e-05
9516.0 1.2750000000000002e-05
9518.0 1.3680000000000001e-05
9520.0 1.461e-05
9522.0 1.6584e-05
9524.0 1.8557999999999997e-05
9526.0 2.0532e-05
9528.0 2.2506e-05
9530.0 2.448e-05
9532.0 2.4418e-05
9534.0 2.4356e-05
9536.0 2.4293999999999998e-05
9538.0 2.4231999999999998e-05
9540.0 2.4169999999999997e-05
9542.0 2.1074000000000002e-05
9544.0 1.7978e-05
9546.0 1.4882e-05
9548.0 1.1785999999999999e-05
9550.0 8.69e-06
9552.0 9.156e-06
9554.0 9.622e-06
9556.0 1.0088e-05
9558.0 1.0554e-05
9560.0 1.102e-05
9562.0 1.1098e-05
9564.0 1.1176000000000001e-05
9566.0 1.1254e-05
9568.0 1.1332e-05
9570.0 1.1410000000000001e-05
9572.0 1.5386e-05
9574.0 1.9362e-05
9576.0 2.3338e-05
9578.0 2.7314000000000003e-05
9580.0 3.129e-05
9582.0 3.108e-05
9584.0 3.087e-05
9586.0 3.066e-05
9588.0 3.0449999999999998e-05
9590.0 3.0240000000000002e-05
9592.0 2.8364e-05
9594.0 2.6488e-05
9596.0 2.4612e-05
9598.0 2.2736e-05
9600.0 2.086e-05
9602.0 2.0002000000000003e-05
9604.0 1.9144e-05
9606.0 1.8286e-05
9608.0 1.7428e-05
9610.0 1.657e-05
9612.0 1.969e-05
9614.0 2.281e-05
9616.0 2.5929999999999997e-05
9618.0 2.905e-05
9620.0 3.217e-05
9622.0 2.8338e-05
9624.0 2.4506e-05
9626.0 2.0674e-05
9628.0 1.6842e-05
9630.0 1.301e-05
9632.0 1.1202e-05
9634.0 9.394e-06
9636.0 7.586e-06
9638.0 5.7779999999999996e-06
9640.0 3.97e-06
9642.0 4.894e-06
9644.0 5.818000000000001e-06
9646.0 6.742e-06
9648.0 7.665999999999999e-06
9650.0 8.589999999999999e-06
9652.0 8.968e-06
9654.0 9.346e-06
9656.0 9.724e-06
9658.0 1.0102e-05
9660.0 1.0480000000000001e-05
9662.0 1.0704e-05
9664.0 1.0928000000000001e-05
9666.0 1.1152e-05
9668.0 1.1376e-05
9670.0 1.16e-05
9672.0 1.1964000000000001e-05
9674.0 1.2328000000000001e-05
9676.0 1.2692e-05
9678.0 1.3056e-05
9680.0 1.342e-05
9682.0 1.2066e-05
9684.0 1.0712e-05
9686.0 9.358e-06
9688.0 8.004e-06
9690.0 6.65e-06
9692.0 6.826e-06
9694.0 7.002e-06
9696.0 7.178e-06
9698.0 7.354e-06
9700.0 7.53e-06
9702.0 1.108e-05
9704.0 1.463e-05
9706.0 1.818e-05
9708.0 2.173e-05
9710.0 2.528e-05
9712.0 2.0454e-05
9714.0 1.5628e-05
9716.0 1.0802e-05
9718.0 5.976e-06
9720.0 1.15e-06
9722.0 3.498e-06
9724.0 5.8460000000000004e-06
9726.0 8.194e-06
9728.0 1.0542e-05
9730.0 1.289e-05
9732.0 1.787e-05
9734.0 2.285e-05
9736.0 2.783e-05
9738.0 3.281e-05
9740.0 3.7789999999999996e-05
9742.0 3.5912000000000004e-05
9744.0 3.4034e-05
9746.0 3.2156e-05
9748.0 3.0278e-05
9750.0 2.84e-05
9752.0 3.1382e-05
9754.0 3.4364e-05
9756.0 3.7346e-05
9758.0 4.0328e-05
9760.0 4.331e-05
9762.0 4.2394e-05
9764.0 4.1478e-05
9766.0 4.0562e-05
9768.0 3.9646000000000006e-05
9770.0 3.8730000000000004e-05
9772.0 3.192e-05
9774.0 2.5110000000000002e-05
9776.0 1.83e-05
9778.0 1.149e-05
9780.0 4.68e-06
9782.0 5.1559999999999994e-06
9784.0 5.6320000000000005e-06
9786.0 6.108e-06
9788.0 6.584e-06
9790.0 7.06e-06
9792.0 7.754e-06
9794.0 8.448000000000001e-06
9796.0 9.142e-06
9798.0 9.836e-06
9800.0 1.0529999999999999e-05
9802.0 1.0522e-05
9804.0 1.0514000000000001e-05
9806.0 1.0506e-05
9808.0 1.0498e-05
9810.0 1.049e-05
9812.0 1.4458e-05
9814.0 1.8426e-05
9816.0 2.2394e-05
9818.0 2.6362e-05
9820.0 3.0330000000000003e-05
9822.0 2.4738e-05
9824.0 1.9146e-05
9826.0 1.3554000000000001e-05
9828.0 7.962e-06
9830.0 2.3699999999999998e-06
9832.0 8.424e-06
9834.0 1.4478e-05
9836.0 2.0532e-05
9838.0 2.6586000000000003e-05
9840.0 3.264e-05
9842.0 2.6624e-05
9844.0 2.0607999999999996e-05
9846.0 1.4591999999999999e-05
9848.0 8.576e-06
9850.0 2.56e-06
9852.0 3.0660000000000004e-06
9854.0 3.5720000000000003e-06
9856.0 4.078e-06
9858.0 4.584e-06
9860.0 5.09e-06
9862.0 6.436000000000001e-06
9864.0 7.782000000000001e-06
9866.0 9.128e-06
9868.0 1.0474e-05
9870.0 1.182e-05
9872.0 1.3156e-05
9874.0 1.4492000000000001e-05
9876.0 1.5828e-05
9878.0 1.7164e-05
9880.0 1.8500000000000002e-05
9882.0 1.9941999999999996e-05
9884.0 2.1384e-05
9886.0 2.2826e-05
9888.0 2.4268e-05
9890.0 2.571e-05
9892.0 2.2729999999999998e-05
9894.0 1.9750000000000002e-05
9896.0 1.677e-05
9898.0 1.379e-05
9900.0 1.081e-05
9902.0 1.2839999999999999e-05
9904.0 1.487e-05
9906.0 1.69e-05
9908.0 1.893e-05
9910.0 2.0960000000000003e-05
9912.0 1.7468e-05
9914.0 1.3976e-05
9916.0 1.0483999999999998e-05
9918.0 6.992e-06
9920.0 3.5e-06
9922.0 5.962e-06
9924.0 8.424e-06
9926.0 1.0885999999999999e-05
9928.0 1.3348e-05
9930.0 1.581e-05
9932.0 2.1694000000000003e-05
9934.0 2.7578e-05
