05_Contrib/TimeDomain/PhotoReverberationMappingAGN/ZTF_data/ZTF_filters/ztf-g.ecsv
# %ECSV 1.0
# ---
# datatype:
# - {name: wavelength, unit: Angstrom, datatype: float64}
# - {name: response, datatype: float64}
# meta:
#   __serialized_columns__:
#     wavelength:
#       __class__: astropy.units.quantity.Quantity
#       unit: !astropy.units.Unit {unit: Angstrom}
#       value: !astropy.table.SerializedColumn {name: wavelength}
#   band_name: g
#   group_name: ztf
# schema: astropy-2.0
wavelength response
3700.0 0.0
3701.0 0.0054396556900000005
3702.0 0.00499762018
3703.0 0.00551143771
3704.0 0.00475854776
3705.0 0.00526284667
3706.0 0.0049780380699999995
3707.0 0.00456968774
3708.0 0.00480657864
3709.0 0.004561200919999999
3710.0 0.00473987779
3711.0 0.00423437858
3712.0 0.00468785731
3713.0 0.00451620187
3714.0 0.00521689821
3715.0 0.00490887547
3716.0 0.004823602
3717.0 0.0047817625800000004
3718.0 0.00479669809
3719.0 0.0054599602899999995
3720.0 0.00464756003
3721.0 0.00516625447
3722.0 0.0051164816
3723.0 0.00430494251
3724.0 0.00478027052
3725.0 0.00411344447
3726.0 0.00447222372
3727.0 0.0045657195
3728.0 0.0044078598
3729.0 0.00462004142
3730.0 0.00497644132
3731.0 0.00491580379
3732.0 0.00485791893
3733.0 0.00448056684
3734.0 0.00433570765
3735.0 0.0049390338
3736.0 0.0043724279799999995
3737.0 0.00410909651
3738.0 0.00478420195
3739.0 0.00429249571
3740.0 0.00362501259
3741.0 0.00453217847
3742.0 0.00458327106
3743.0 0.0039716030400000005
3744.0 0.00456349206
3745.0 0.00410099313
3746.0 0.0044085231400000004
3747.0 0.00380729243
3748.0 0.00471308488
3749.0 0.0043880798500000005
3750.0 0.00400966184
3751.0 0.0043014864
3752.0 0.00471608232
3753.0 0.00428673494
3754.0 0.00421940928
3755.0 0.00393682336
3756.0 0.0038667598399999997
3757.0 0.00407055631
3758.0 0.00415858054
3759.0 0.0031420386300000003
3760.0 0.00396605792
3761.0 0.00379532672
3762.0 0.00389792866
3763.0 0.00381402107
3764.0 0.00402059993
3765.0 0.0038154232900000002
3766.0 0.00378450579
3767.0 0.00373150904
3768.0 0.0040251238499999994
3769.0 0.00403297288
3770.0 0.00399841821
3771.0 0.0034431659700000002
3772.0 0.00367647059
3773.0 0.00379523009
3774.0 0.00403606698
3775.0 0.00411469718
3776.0 0.0033258005400000003
3777.0 0.00300669095
3778.0 0.00312790599
3779.0 0.00400489018
3780.0 0.00390264373
3781.0 0.0041172801
3782.0 0.00345502227
3783.0 0.0034627751699999997
3784.0 0.0035805416099999997
3785.0 0.00348075348
3786.0 0.00317990949
3787.0 0.00381555447
3788.0 0.00406782392
3789.0 0.00324987963
3790.0 0.0027646446000000003
3791.0 0.0037530943100000003
3792.0 0.00344445324
3793.0 0.00396903368
3794.0 0.00355618777
3795.0 0.00368945757
3796.0 0.0036533229699999997
3797.0 0.00352549202
3798.0 0.0031297090500000003
3799.0 0.00348966522
3800.0 0.00332048395
3801.0 0.0030336354300000003
3802.0 0.00336687599
3803.0 0.00384470411
3804.0 0.0034142497999999997
3805.0 0.00376009828
3806.0 0.0032363663399999996
3807.0 0.0027281106
3808.0 0.0033531080699999998
3809.0 0.00323684114
3810.0 0.0030817771599999997
3811.0 0.00315526058
3812.0 0.00301884047
3813.0 0.0028174101499999996
3814.0 0.00334737069
3815.0 0.00322130355
3816.0 0.0031838120800000004
3817.0 0.00278954802
3818.0 0.0035734503299999997
3819.0 0.00339826233
3820.0 0.00311210574
3821.0 0.0029528242900000003
3822.0 0.00269151139
3823.0 0.00268262485
3824.0 0.00299116247
3825.0 0.0033408331600000003
3826.0 0.0028674560599999998
3827.0 0.0029989554200000003
3828.0 0.00309941717
3829.0 0.00257818255
3830.0 0.00258835241
3831.0 0.0029346050000000003
3832.0 0.0030050855300000003
3833.0 0.00287308874
3834.0 0.0032673332
3835.0 0.00264274062
3836.0 0.00345220648
3837.0 0.00302211934
3838.0 0.0029154519
3839.0 0.00297153082
3840.0 0.00282611457
3841.0 0.00275342596
3842.0 0.0025486926199999997
3843.0 0.0029632431799999997
3844.0 0.00307460626
3845.0 0.00346517654
3846.0 0.0025136544199999998
3847.0 0.0029591270600000004
3848.0 0.00234604106
3849.0 0.00288750998
3850.0 0.0028131975700000002
3851.0 0.00296942702
3852.0 0.0032038688199999997
3853.0 0.0025570061999999998
3854.0 0.00276608539
3855.0 0.0026964676300000002
3856.0 0.00264047944
3857.0 0.00285120285
3858.0 0.0027079531400000002
3859.0 0.0025394200700000003
3860.0 0.00238955589
3861.0 0.0025581395299999997
3862.0 0.00268553278
3863.0 0.0026490829
3864.0 0.0028438469500000002
3865.0 0.00234245558
3866.0 0.0028032036599999997
3867.0 0.00247341787
3868.0 0.0026588222
3869.0 0.00280962014
3870.0 0.00288119947
3871.0 0.00255427842
3872.0 0.00278071297
3873.0 0.00266030388
3874.0 0.00277984202
3875.0 0.0028423202199999997
3876.0 0.0026249589899999997
3877.0 0.0026589250300000002
3878.0 0.0025222391
3879.0 0.00276183256
3880.0 0.00221837463
3881.0 0.00247867804
3882.0 0.0023419203699999998
3883.0 0.00278396437
3884.0 0.00250970861
3885.0 0.0025574099
3886.0 0.0024819082
3887.0 0.0025978074499999997
3888.0 0.00270791022
3889.0 0.00277893206
3890.0 0.0023775681600000003
3891.0 0.0026589624899999997
3892.0 0.00230881712
3893.0 0.00272542028
3894.0 0.00213208792
3895.0 0.00259648592
3896.0 0.0023477109800000002
3897.0 0.00249569493
3898.0 0.00246587626
3899.0 0.00246391239
3900.0 0.00252337836
3901.0 0.00245935909
3902.0 0.00259416069
3903.0 0.00269574807
3904.0 0.0026816187200000004
3905.0 0.00252586584
3906.0 0.00248858392
3907.0 0.00230891337
3908.0 0.00230133046
3909.0 0.00252820378
3910.0 0.00230568101
3911.0 0.00244603291
3912.0 0.0023389326
3913.0 0.00243320498
3914.0 0.00263059
3915.0 0.0023819532
3916.0 0.00225639117
3917.0 0.0023839281600000002
3918.0 0.00249734079
3919.0 0.0023219458400000003
3920.0 0.0024840149
3921.0 0.0021738633
3922.0 0.00241475029
3923.0 0.0022708692899999997
3924.0 0.0023087892400000002
3925.0 0.0021927345900000002
3926.0 0.00231351497
3927.0 0.00246079506
3928.0 0.00242410764
3929.0 0.00208814644
3930.0 0.00215801991
3931.0 0.00230870712
3932.0 0.0022619465899999997
3933.0 0.00209739792
3934.0 0.00236225639
3935.0 0.00223161088
3936.0 0.00219704476
3937.0 0.00236869872
3938.0 0.00227991311
3939.0 0.0019869672
3940.0 0.00217502559
3941.0 0.00220638153
3942.0 0.00243778352
3943.0 0.00253447948
3944.0 0.0021717794
3945.0 0.00229573203
3946.0 0.00219757221
3947.0 0.0019967137400000003
3948.0 0.0020584260300000002
3949.0 0.00245274852
3950.0 0.00220905506
3951.0 0.00228846979
3952.0 0.0018428650399999998
3953.0 0.00226239733
3954.0 0.00255401954
3955.0 0.00232685187
3956.0 0.00210688384
3957.0 0.0023640661900000003
3958.0 0.0019835306799999997
3959.0 0.00238867767
3960.0 0.00240762481
3961.0 0.00193389245
3962.0 0.00202297948
3963.0 0.00212080748
3964.0 0.002585599
3965.0 0.00226182584
3966.0 0.0021133860700000002
3967.0 0.0019206891200000001
3968.0 0.00224974041
3969.0 0.00209906024
3970.0 0.00211514056
3971.0 0.00192840095
3972.0 0.00224599338
3973.0 0.00214555604
3974.0 0.00215855945
3975.0 0.00245848935
3976.0 0.00220036485
3977.0 0.00196920538
3978.0 0.00231624171
3979.0 0.00217512549
3980.0 0.00227099272
3981.0 0.0021029124399999997
3982.0 0.00229880796
3983.0 0.0023186912300000003
3984.0 0.00196872125
3985.0 0.00202754539
3986.0 0.00226877687
3987.0 0.00231728733
3988.0 0.00230218436
3989.0 0.00230314461
3990.0 0.00244070003
3991.0 0.00227806777
3992.0 0.00216396023
3993.0 0.0020698023
3994.0 0.00232691344
3995.0 0.0020874964300000003
3996.0 0.0022620436199999997
3997.0 0.00236845361
3998.0 0.00219181956
3999.0 0.0024455469899999998
4000.0 0.00262936475
4001.0 0.00230101454
4002.0 0.00239117534
4003.0 0.00236172614
4004.0 0.0023060651200000003
4005.0 0.00234977021
4006.0 0.00207771692
4007.0 0.00220567963
4008.0 0.0025633085599999998
4009.0 0.00240667725
4010.0 0.0022671871499999998
4011.0 0.002377354
4012.0 0.00220227003
4013.0 0.00253481141
4014.0 0.00221986782
4015.0 0.00235575224
4016.0 0.00230626535
4017.0 0.002359043
4018.0 0.00244200244
4019.0 0.00244348404
4020.0 0.00260953394
4021.0 0.00242002321
4022.0 0.00253903352
4023.0 0.00253869867
4024.0 0.00253794639
4025.0 0.00245954056
4026.0 0.00256242859
4027.0 0.0026329561099999997
4028.0 0.0026394682000000004
4029.0 0.00278265964
4030.0 0.0026741868
4031.0 0.0026613761699999998
4032.0 0.00280966914
4033.0 0.0028488194300000003
4034.0 0.0025420070700000004
4035.0 0.0028983186500000004
4036.0 0.00285546584
4037.0 0.0027894887000000004
4038.0 0.0030566993999999997
4039.0 0.00316180539
4040.0 0.00292554874
4041.0 0.00300257589
4042.0 0.0030815672
4043.0 0.0031410488
4044.0 0.0030211005000000003
4045.0 0.0031293244399999997
4046.0 0.00328870096
4047.0 0.0031161384800000003
4048.0 0.0033233476899999998
4049.0 0.0031712966599999996
4050.0 0.00349324639
4051.0 0.0031818464
4052.0 0.0032418914100000003
4053.0 0.00313377999
4054.0 0.00355806109
4055.0 0.00341626325
4056.0 0.0035451781
4057.0 0.00351252291
4058.0 0.00369634947
4059.0 0.0034687885099999997
4060.0 0.00398685252
4061.0 0.00387237855
4062.0 0.00352325652
4063.0 0.00402238016
4064.0 0.00392540232
4065.0 0.00396932792
4066.0 0.00374486773
4067.0 0.0042617459699999995
4068.0 0.00432705985
4069.0 0.004367007480000001
4070.0 0.0044819679
4071.0 0.00444861037
4072.0 0.00465026446
4073.0 0.00489102327
4074.0 0.00486571226
4075.0 0.0052362990899999995
4076.0 0.00546754108
4077.0 0.0056110458299999996
4078.0 0.00619322268
4079.0 0.006170118999999999
4080.0 0.00605298555
4081.0 0.0065325091
4082.0 0.00728669266
4083.0 0.00736387763
4084.0 0.007958713269999999
4085.0 0.00839266076
4086.0 0.00901279469
4087.0 0.00955160903
4088.0 0.00972913848
4089.0 0.010626946589999998
4090.0 0.01212461167
4091.0 0.01264571936
4092.0 0.013794476520000001
4093.0 0.014657677389999998
4094.0 0.01663485914
4095.0 0.01809381451
4096.0 0.01900833475
4097.0 0.02106084243
4098.0 0.02471744402
4099.0 0.02623927381
4100.0 0.02799983082
4101.0 0.030065433210000003
4102.0 0.03546298113
4103.0 0.03826150516
4104.0 0.04171155918
4105.0 0.04376352342
4106.0 0.047764653319999996
4107.0 0.05615391054
4108.0 0.06007636237
4109.0 0.06422566525
4110.0 0.06967480465
4111.0 0.07952066709
4112.0 0.08432536942
4113.0 0.08949856003000001
4114.0 0.09481268011999999
4115.0 0.10585057519999999
4116.0 0.11222991970000001
4117.0 0.1192626652
4118.0 0.1249897224
4119.0 0.130683443
4120.0 0.1369541805
4121.0 0.15244391840000002
4122.0 0.1577703208
4123.0 0.1642428847
4124.0 0.17918588870000002
4125.0 0.1884423132
4126.0 0.19496021219999998
4127.0 0.2040659192
4128.0 0.2128730915
4129.0 0.2313420776
4130.0 0.239225006
4131.0 0.2520682177
4132.0 0.2739762572
4133.0 0.2836521786
4134.0 0.29852360099999997
4135.0 0.3096790471
4136.0 0.3267293754
4137.0 0.3560817455
4138.0 0.3682180338
4139.0 0.38592801299999996
4140.0 0.40352683399999995
4141.0 0.4389752294
4142.0 0.45200316290000003
4143.0 0.4725273276
4144.0 0.489246038
4145.0 0.5248762425
4146.0 0.5441815865
4147.0 0.5615903583
4148.0 0.5776204003000001
4149.0 0.6132917911
4150.0 0.6279633831
4151.0 0.646503328
4152.0 0.6629821321999999
4153.0 0.6925891328
4154.0 0.7062342651
4155.0 0.7157482452
4156.0 0.7265464416999999
4157.0 0.7481260339000001
4158.0 0.7581256771
4159.0 0.7657129607000001
4160.0 0.7728996592999999
4161.0 0.7851046823
4162.0 0.7943056661
4163.0 0.7992441227
4164.0 0.8020555327
4165.0 0.8117025900999999
4166.0 0.8096432801
4167.0 0.8112678926
4168.0 0.8122804785
4169.0 0.8130982111999999
4170.0 0.8216212785
4171.0 0.8178295554999999
4172.0 0.8214773763
4173.0 0.8216116335
4174.0 0.8179708096999999
4175.0 0.8163922062000001
4176.0 0.8208455104
4177.0 0.8192872804
4178.0 0.8181533999
4179.0 0.8208416834000001
4180.0 0.8214607755
4181.0 0.8218328268
4182.0 0.8236712874
4183.0 0.8236267496
4184.0 0.8223336428
4185.0 0.8284617765
4186.0 0.8284139666
4187.0 0.8316802658
4188.0 0.8330845433999999
4189.0 0.835707596
4190.0 0.8368322365
4191.0 0.8439491619
4192.0 0.8483265646
4193.0 0.8487600376000001
4194.0 0.8517767736999999
4195.0 0.8572571261999999
4196.0 0.8623751523
4197.0 0.8604642706
4198.0 0.871155847
4199.0 0.8739135698
4200.0 0.877804943
4201.0 0.8833213856000001
4202.0 0.8827815848
4203.0 0.8935508464999999
4204.0 0.8971103857
4205.0 0.8965666838999999
4206.0 0.9053123076999999
4207.0 0.9036392272
4208.0 0.9051567482999999
4209.0 0.9068406028
4210.0 0.9070262342
4211.0 0.9124739327
4212.0 0.9127331614
4213.0 0.9102995201
4214.0 0.9134097964
4215.0 0.9108883718
4216.0 0.9128546025
4217.0 0.9119696464
4218.0 0.9137155739
4219.0 0.9069886276
4220.0 0.9084527988000001
4221.0 0.9047929456999999
4222.0 0.8991756424999999
4223.0 0.9056668561
4224.0 0.9025448339000001
4225.0 0.8921950184
4226.0 0.8962506481
4227.0 0.890931387
4228.0 0.8937798139
4229.0 0.8886690690000001
4230.0 0.8843712231
4231.0 0.8827876148
4232.0 0.8822357862
4233.0 0.8751913079000001
4234.0 0.8759727796
4235.0 0.8740896603999999
4236.0 0.8755438902999999
4237.0 0.8731141425
4238.0 0.8707912262
4239.0 0.8740693195999999
4240.0 0.8721339262
4241.0 0.8662066255
4242.0 0.8680580365
4243.0 0.8666051022000001
4244.0 0.8695340087
4245.0 0.8712063338
4246.0 0.8707979312999999
4247.0 0.8692773646
4248.0 0.8728074225
4249.0 0.8710048419
4250.0 0.8727527702000001
4251.0 0.8751553223999999
4252.0 0.8718039772999999
4253.0 0.8778004307
4254.0 0.8762698858
4255.0 0.8786593175
4256.0 0.8769295762
4257.0 0.8804842703
4258.0 0.8749388795
4259.0 0.8762625113999999
4260.0 0.8800408603
4261.0 0.8792702963000001
4262.0 0.8732972949000001
4263.0 0.8820559266
4264.0 0.8795205269999999
4265.0 0.8819972474
4266.0 0.8814381365
4267.0 0.8835788189999999
4268.0 0.8844997466
4269.0 0.8805811083999999
4270.0 0.8879519698
4271.0 0.8822560955000001
4272.0 0.8851621575999999
4273.0 0.883916318
4274.0 0.8831847148
4275.0 0.8813147361
4276.0 0.8829058592
4277.0 0.8865011568
4278.0 0.8836458806999999
4279.0 0.8831895883
4280.0 0.8855992815
4281.0 0.8803985611
4282.0 0.8839896407000001
4283.0 0.8853141142
4284.0 0.8863608832
4285.0 0.8824145535
4286.0 0.8865256026999999
4287.0 0.885789034
4288.0 0.8861531709
4289.0 0.8866314241000001
4290.0 0.8895202782
4291.0 0.88501887
4292.0 0.8908414487
4293.0 0.8892007601
4294.0 0.8900314817999999
4295.0 0.8933086312
4296.0 0.890409171
4297.0 0.8908684042999999
4298.0 0.8943104400999999
4299.0 0.8973675946999999
4300.0 0.8932370903
4301.0 0.8953275457
4302.0 0.8961899325
4303.0 0.8957753442
4304.0 0.8992575510999999
4305.0 0.9045777264999999
4306.0 0.8979256302
4307.0 0.900751429
4308.0 0.9014787785999999
4309.0 0.9060578139000001
4310.0 0.9049596038
4311.0 0.9079586845000001
4312.0 0.9069926119
4313.0 0.9072480133
4314.0 0.9111883356
4315.0 0.9083222546999999
4316.0 0.9095847967
4317.0 0.9120896565
4318.0 0.9086716453
4319.0 0.9124839534
4320.0 0.9145986018000001
4321.0 0.9137178405999999
4322.0 0.9183472856
4323.0 0.9158477888000001
4324.0 0.9178833079000001
4325.0 0.9138664063
4326.0 0.9166387188999999
4327.0 0.9192348119
4328.0 0.9207597144999999
4329.0 0.9182445955999999
4330.0 0.9187340501
4331.0 0.9213349225
4332.0 0.9172264174999999
4333.0 0.9204752243000001
4334.0 0.9193278707
4335.0 0.9193935879
4336.0 0.922717286
4337.0 0.917982743
4338.0 0.9230920820999999
4339.0 0.9218892576000001
4340.0 0.9202836292000001
4341.0 0.9226577496999999
4342.0 0.9190823
4343.0 0.9144849872999999
4344.0 0.9183413602
4345.0 0.9205881447
4346.0 0.9230634978000001
4347.0 0.9207760380000001
4348.0 0.9212538852000001
4349.0 0.9207055653
4350.0 0.9202480899
4351.0 0.9223090677000001
4352.0 0.9241774696
4353.0 0.9195979386
4354.0 0.9221826518
4355.0 0.9233119119
4356.0 0.9229913221
4357.0 0.9246020009999999
4358.0 0.9222331785
4359.0 0.918864612
4360.0 0.9183338234
4361.0 0.9209517045
4362.0 0.9211404644
4363.0 0.9181628646
4364.0 0.9205055241
4365.0 0.9156870448
4366.0 0.9162004415
4367.0 0.9163056837000001
4368.0 0.9170160358
4369.0 0.9133236604
4370.0 0.9156511804999999
4371.0 0.9121199083
4372.0 0.9160229729
4373.0 0.9069426871999999
4374.0 0.9052738458
4375.0 0.9058096045
4376.0 0.9026193807999999
4377.0 0.9056789877
4378.0 0.8998088863
4379.0 0.8983830292
4380.0 0.894979336
4381.0 0.8951373331000001
4382.0 0.8890068308
4383.0 0.8929186386000001
4384.0 0.8892862406
4385.0 0.8856775661999999
4386.0 0.8887558516999999
4387.0 0.8835675422
4388.0 0.8810122371999999
4389.0 0.8790508581
4390.0 0.8789431716999999
4391.0 0.8807027818000001
4392.0 0.8733829032
4393.0 0.8707224334999999
4394.0 0.8735565203
4395.0 0.8689225341
4396.0 0.8652477488
4397.0 0.8600356438
4398.0 0.8646302932000001
4399.0 0.8647105349
4400.0 0.8619867066000001
4401.0 0.8602934824999999
4402.0 0.862608257
4403.0 0.8611251260999999
4404.0 0.8570352074
4405.0 0.8580197603999999
4406.0 0.855275287
4407.0 0.85398639
4408.0 0.8528133099
4409.0 0.8514202172
