05_Contrib/TimeDomain/PhotoReverberationMappingAGN/ZTF_data/ZTF_filters/ztf-i.ecsv
# %ECSV 1.0
# ---
# datatype:
# - {name: wavelength, unit: Angstrom, datatype: float64}
# - {name: response, datatype: float64}
# meta:
#   __serialized_columns__:
#     wavelength:
#       __class__: astropy.units.quantity.Quantity
#       unit: !astropy.units.Unit {unit: Angstrom}
#       value: !astropy.table.SerializedColumn {name: wavelength}
#   band_name: i
#   group_name: ztf
# schema: astropy-2.0
wavelength response
3700.0 0.0
3702.0 0.000183108
3704.0 0.000187396
3706.0 0.000191684
3708.0 0.000195972
3710.0 0.00020025999999999998
3712.0 0.00021059600000000001
3714.0 0.000220932
3716.0 0.000231268
3718.0 0.00024160399999999997
3720.0 0.00025194000000000003
3722.0 0.000213496
3724.0 0.00017505199999999998
3726.0 0.000136608
3728.0 9.816399999999999e-05
3730.0 5.972e-05
3732.0 8.8096e-05
3734.0 0.000116472
3736.0 0.00014484800000000002
3738.0 0.000173224
3740.0 0.00020160000000000002
3742.0 0.000206398
3744.0 0.00021119599999999997
3746.0 0.000215994
3748.0 0.000220792
3750.0 0.00022559
3752.0 0.000206374
3754.0 0.000187158
3756.0 0.000167942
3758.0 0.00014872599999999999
3760.0 0.00012951
3762.0 0.00012214799999999998
3764.0 0.00011478600000000001
3766.0 0.000107424
3768.0 0.00010006199999999999
3770.0 9.27e-05
3772.0 9.3174e-05
3774.0 9.3648e-05
3776.0 9.4122e-05
3778.0 9.4596e-05
3780.0 9.507e-05
3782.0 0.00012265599999999999
3784.0 0.000150242
3786.0 0.00017782800000000002
3788.0 0.000205414
3790.0 0.00023300000000000003
3792.0 0.000194392
3794.0 0.00015578399999999998
3796.0 0.000117176
3798.0 7.856800000000001e-05
3800.0 3.9960000000000004e-05
3802.0 4.3856e-05
3804.0 4.7752e-05
3806.0 5.1648e-05
3808.0 5.5544e-05
3810.0 5.943999999999999e-05
3812.0 5.2335999999999995e-05
3814.0 4.5231999999999997e-05
3816.0 3.8128e-05
3818.0 3.1024e-05
3820.0 2.392e-05
3822.0 3.5756e-05
3824.0 4.7592e-05
3826.0 5.9428e-05
3828.0 7.1264e-05
3830.0 8.31e-05
3832.0 7.2128e-05
3834.0 6.1156e-05
3836.0 5.0184e-05
3838.0 3.9211999999999997e-05
3840.0 2.824e-05
3842.0 4.2703999999999996e-05
3844.0 5.7168e-05
3846.0 7.1632e-05
3848.0 8.6096e-05
3850.0 0.00010056000000000001
3852.0 8.577400000000001e-05
3854.0 7.098799999999999e-05
3856.0 5.6201999999999995e-05
3858.0 4.1416e-05
3860.0 2.663e-05
3862.0 6.2654e-05
3864.0 9.867799999999999e-05
3866.0 0.000134702
3868.0 0.000170726
3870.0 0.00020674999999999998
3872.0 0.00017474199999999997
3874.0 0.000142734
3876.0 0.000110726
3878.0 7.8718e-05
3880.0 4.671e-05
3882.0 5.1292e-05
3884.0 5.5874e-05
3886.0 6.0456e-05
3888.0 6.5038e-05
3890.0 6.962e-05
3892.0 8.328199999999999e-05
3894.0 9.694400000000001e-05
3896.0 0.000110606
3898.0 0.000124268
3900.0 0.00013793
3902.0 0.00012033399999999999
3904.0 0.00010273799999999999
3906.0 8.514199999999999e-05
3908.0 6.754600000000001e-05
3910.0 4.995e-05
3912.0 7.5124e-05
3914.0 0.00010029800000000001
3916.0 0.000125472
3918.0 0.000150646
3920.0 0.00017582
3922.0 0.00020582
3924.0 0.00023581999999999997
3926.0 0.00026582
3928.0 0.00029582
3930.0 0.00032582
3932.0 0.000292532
3934.0 0.000259244
3936.0 0.000225956
3938.0 0.000192668
3940.0 0.00015938
3942.0 0.00015779000000000002
3944.0 0.0001562
3946.0 0.00015461
3948.0 0.00015302
3950.0 0.00015143
3952.0 0.000133072
3954.0 0.000114714
3956.0 9.6356e-05
3958.0 7.7998e-05
3960.0 5.964e-05
3962.0 6.0213999999999996e-05
3964.0 6.0787999999999995e-05
3966.0 6.1362e-05
3968.0 6.1936e-05
3970.0 6.251e-05
3972.0 6.704e-05
3974.0 7.157000000000001e-05
3976.0 7.609999999999999e-05
3978.0 8.063e-05
3980.0 8.515999999999999e-05
3982.0 9.620399999999999e-05
3984.0 0.000107248
3986.0 0.000118292
3988.0 0.000129336
3990.0 0.00014038
3992.0 0.000148344
3994.0 0.000156308
3996.0 0.000164272
3998.0 0.00017223599999999998
4000.0 0.00018020000000000002
4002.0 0.00018957999999999998
4004.0 0.00019896
4006.0 0.00020833999999999997
4008.0 0.00021772
4010.0 0.00022710000000000002
4012.0 0.00027755
4014.0 0.000328
4016.0 0.00037844999999999996
4018.0 0.00042889999999999996
4020.0 0.00047934999999999997
4022.0 0.00042186800000000005
4024.0 0.000364386
4026.0 0.000306904
4028.0 0.000249422
4030.0 0.00019193999999999998
4032.0 0.00016950199999999998
4034.0 0.000147064
4036.0 0.000124626
4038.0 0.000102188
4040.0 7.975e-05
4042.0 6.7346e-05
4044.0 5.4942000000000004e-05
4046.0 4.2538000000000005e-05
4048.0 3.0134e-05
4050.0 1.773e-05
4052.0 2.2290000000000002e-05
4054.0 2.685e-05
4056.0 3.141e-05
4058.0 3.5969999999999996e-05
4060.0 4.053e-05
4062.0 5.1482000000000006e-05
4064.0 6.243399999999999e-05
4066.0 7.338599999999999e-05
4068.0 8.4338e-05
4070.0 9.528999999999999e-05
4072.0 8.69e-05
4074.0 7.851e-05
4076.0 7.012e-05
4078.0 6.173e-05
4080.0 5.334e-05
4082.0 4.8572e-05
4084.0 4.3803999999999996e-05
4086.0 3.9036000000000004e-05
4088.0 3.4268e-05
4090.0 2.95e-05
4092.0 2.9168000000000003e-05
4094.0 2.8836e-05
4096.0 2.8504e-05
4098.0 2.8172e-05
4100.0 2.784e-05
4102.0 3.0304e-05
4104.0 3.2767999999999995e-05
4106.0 3.5232000000000004e-05
4108.0 3.7696e-05
4110.0 4.0159999999999995e-05
4112.0 3.9918e-05
4114.0 3.9676e-05
4116.0 3.9433999999999995e-05
4118.0 3.9192e-05
4120.0 3.895e-05
4122.0 3.116e-05
4124.0 2.337e-05
4126.0 1.558e-05
4128.0 7.79e-06
4130.0 2.68882e-19
4132.0 1.8676000000000002e-05
4134.0 3.7352000000000004e-05
4136.0 5.6028e-05
4138.0 7.470400000000001e-05
4140.0 9.338e-05
4142.0 7.7042e-05
4144.0 6.0704e-05
4146.0 4.4365999999999995e-05
4148.0 2.8027999999999997e-05
4150.0 1.1689999999999998e-05
4152.0 2.2212e-05
4154.0 3.2734e-05
4156.0 4.3256e-05
4158.0 5.3778000000000006e-05
4160.0 6.43e-05
4162.0 5.418e-05
4164.0 4.406e-05
4166.0 3.394e-05
4168.0 2.382e-05
4170.0 1.37e-05
4172.0 1.1466e-05
4174.0 9.232e-06
4176.0 6.998e-06
4178.0 4.764e-06
4180.0 2.5300000000000003e-06
4182.0 9.072e-06
4184.0 1.5614e-05
4186.0 2.2156e-05
4188.0 2.8698000000000002e-05
4190.0 3.5239999999999995e-05
4192.0 3.2402e-05
4194.0 2.9564e-05
4196.0 2.6725999999999998e-05
4198.0 2.3888e-05
4200.0 2.105e-05
4202.0 2.811e-05
4204.0 3.5170000000000004e-05
4206.0 4.223e-05
4208.0 4.9290000000000004e-05
4210.0 5.635e-05
4212.0 4.5194e-05
4214.0 3.4037999999999995e-05
4216.0 2.2882000000000002e-05
4218.0 1.1726e-05
4220.0 5.7e-07
4222.0 4.472e-06
4224.0 8.374e-06
4226.0 1.2275999999999999e-05
4228.0 1.6178e-05
4230.0 2.0079999999999997e-05
4232.0 1.77e-05
4234.0 1.532e-05
4236.0 1.294e-05
4238.0 1.056e-05
4240.0 8.18e-06
4242.0 2.0596e-05
4244.0 3.3011999999999995e-05
4246.0 4.5428e-05
4248.0 5.7844000000000004e-05
4250.0 7.026e-05
4252.0 5.704200000000001e-05
4254.0 4.3824e-05
4256.0 3.0606e-05
4258.0 1.7388e-05
4260.0 4.17e-06
4262.0 4.862e-06
4264.0 5.554e-06
4266.0 6.246e-06
4268.0 6.9379999999999995e-06
4270.0 7.63e-06
4272.0 1.1686000000000001e-05
4274.0 1.5742e-05
4276.0 1.9798e-05
4278.0 2.3854000000000002e-05
4280.0 2.7910000000000002e-05
4282.0 2.6227999999999997e-05
4284.0 2.4546e-05
4286.0 2.2864e-05
4288.0 2.1182e-05
4290.0 1.95e-05
4292.0 2.161e-05
4294.0 2.372e-05
4296.0 2.583e-05
4298.0 2.794e-05
4300.0 3.005e-05
4302.0 3.6376e-05
4304.0 4.2702e-05
4306.0 4.9028e-05
4308.0 5.5354e-05
4310.0 6.167999999999999e-05
4312.0 6.723800000000001e-05
4314.0 7.2796e-05
4316.0 7.835399999999999e-05
4318.0 8.391199999999999e-05
4320.0 8.947e-05
4322.0 7.9746e-05
4324.0 7.0022e-05
4326.0 6.0298e-05
4328.0 5.0574e-05
4330.0 4.0850000000000004e-05
4332.0 3.7348e-05
4334.0 3.3846e-05
4336.0 3.0344e-05
4338.0 2.6841999999999998e-05
4340.0 2.334e-05
4342.0 1.9622e-05
4344.0 1.5904000000000002e-05
4346.0 1.2186e-05
4348.0 8.468e-06
4350.0 4.75e-06
4352.0 4.478e-06
4354.0 4.206e-06
4356.0 3.934e-06
4358.0 3.6620000000000003e-06
4360.0 3.39e-06
4362.0 4.124e-06
4364.0 4.858e-06
4366.0 5.592e-06
4368.0 6.326e-06
4370.0 7.06e-06
4372.0 5.728e-06
4374.0 4.396e-06
4376.0 3.0640000000000002e-06
4378.0 1.732e-06
4380.0 4.0000000000000003e-07
4382.0 2.002e-06
4384.0 3.6039999999999997e-06
4386.0 5.206e-06
4388.0 6.808e-06
4390.0 8.409999999999999e-06
4392.0 9.558e-06
4394.0 1.0705999999999999e-05
4396.0 1.1854e-05
4398.0 1.3002e-05
4400.0 1.415e-05
4402.0 1.3718e-05
4404.0 1.3286000000000001e-05
4406.0 1.2854e-05
4408.0 1.2421999999999999e-05
4410.0 1.199e-05
4412.0 1.6218e-05
4414.0 2.0446e-05
4416.0 2.4673999999999998e-05
4418.0 2.8902e-05
4420.0 3.313e-05
4422.0 3.16e-05
4424.0 3.0070000000000002e-05
4426.0 2.854e-05
4428.0 2.7009999999999997e-05
4430.0 2.548e-05
4432.0 3.2446e-05
4434.0 3.9411999999999995e-05
4436.0 4.6378e-05
4438.0 5.3344e-05
4440.0 6.031e-05
4442.0 4.89e-05
4444.0 3.749e-05
4446.0 2.608e-05
4448.0 1.467e-05
4450.0 3.26e-06
4452.0 8.596e-06
4454.0 1.3932e-05
4456.0 1.9268e-05
4458.0 2.4604e-05
4460.0 2.994e-05
4462.0 2.6549999999999998e-05
4464.0 2.316e-05
4466.0 1.977e-05
4468.0 1.638e-05
4470.0 1.2990000000000001e-05
4472.0 1.419e-05
4474.0 1.539e-05
4476.0 1.6590000000000002e-05
4478.0 1.779e-05
4480.0 1.899e-05
4482.0 2.2261999999999998e-05
4484.0 2.5534e-05
4486.0 2.8806e-05
4488.0 3.2078e-05
4490.0 3.535e-05
4492.0 4.0054e-05
4494.0 4.4758e-05
4496.0 4.9462e-05
4498.0 5.4165999999999996e-05
4500.0 5.887e-05
4502.0 6.6444e-05
4504.0 7.4018e-05
4506.0 8.1592e-05
4508.0 8.9166e-05
4510.0 9.674e-05
4512.0 8.696000000000001e-05
4514.0 7.718e-05
4516.0 6.74e-05
4518.0 5.762e-05
4520.0 4.784e-05
4522.0 5.8874e-05
4524.0 6.9908e-05
4526.0 8.0942e-05
4528.0 9.1976e-05
4530.0 0.00010300999999999999
4532.0 9.453400000000001e-05
4534.0 8.605800000000001e-05
4536.0 7.7582e-05
4538.0 6.9106e-05
4540.0 6.063e-05
4542.0 5.9746e-05
4544.0 5.8862e-05
4546.0 5.7978e-05
4548.0 5.7094e-05
4550.0 5.621e-05
4552.0 6.3644e-05
4554.0 7.1078e-05
4556.0 7.8512e-05
4558.0 8.594600000000001e-05
4560.0 9.338e-05
4562.0 9.2158e-05
4564.0 9.0936e-05
4566.0 8.971399999999999e-05
4568.0 8.849199999999999e-05
4570.0 8.727000000000001e-05
4572.0 7.4302e-05
4574.0 6.133399999999999e-05
4576.0 4.8366e-05
4578.0 3.5398e-05
4580.0 2.243e-05
4582.0 2.5676000000000003e-05
4584.0 2.8922000000000002e-05
4586.0 3.2168e-05
4588.0 3.5414000000000003e-05
4590.0 3.866e-05
4592.0 3.6086e-05
4594.0 3.3512e-05
4596.0 3.0938e-05
4598.0 2.8364e-05
4600.0 2.5790000000000002e-05
4602.0 3.2902e-05
4604.0 4.001399999999999e-05
4606.0 4.7126e-05
4608.0 5.4238000000000005e-05
4610.0 6.135e-05
4612.0 5.0872000000000004e-05
4614.0 4.0394e-05
4616.0 2.9916e-05
4618.0 1.9438e-05
4620.0 8.96e-06
4622.0 1.138e-05
4624.0 1.38e-05
4626.0 1.622e-05
4628.0 1.864e-05
4630.0 2.1059999999999998e-05
4632.0 2.2774000000000003e-05
4634.0 2.4488e-05
4636.0 2.6202e-05
4638.0 2.7916e-05
4640.0 2.963e-05
4642.0 3.0087999999999997e-05
4644.0 3.0546e-05
4646.0 3.1004e-05
4648.0 3.1462e-05
4650.0 3.192e-05
4652.0 5.8432e-05
4654.0 8.494399999999999e-05
4656.0 0.000111456
4658.0 0.000137968
4660.0 0.00016448
4662.0 0.000183566
4664.0 0.000202652
4666.0 0.000221738
4668.0 0.000240824
4670.0 0.00025991
4672.0 0.00026393799999999997
4674.0 0.000267966
4676.0 0.000271994
4678.0 0.000276022
4680.0 0.00028005
4682.0 0.00024794199999999996
4684.0 0.00021583399999999998
4686.0 0.000183726
4688.0 0.00015161799999999998
4690.0 0.00011951
4692.0 0.00011431800000000001
4694.0 0.000109126
4696.0 0.00010393400000000001
4698.0 9.8742e-05
4700.0 9.355000000000001e-05
4702.0 8.471e-05
4704.0 7.587e-05
4706.0 6.703e-05
4708.0 5.8190000000000004e-05
4710.0 4.935e-05
4712.0 4.2238e-05
4714.0 3.5125999999999995e-05
4716.0 2.8014e-05
4718.0 2.0902e-05
4720.0 1.379e-05
4722.0 1.533e-05
4724.0 1.687e-05
4726.0 1.8409999999999998e-05
4728.0 1.9949999999999997e-05
4730.0 2.149e-05
4732.0 2.14e-05
4734.0 2.131e-05
4736.0 2.1220000000000004e-05
4738.0 2.113e-05
4740.0 2.104e-05
4742.0 2.6794e-05
4744.0 3.2548e-05
4746.0 3.8302e-05
4748.0 4.4056e-05
4750.0 4.981e-05
4752.0 4.3049999999999996e-05
4754.0 3.629e-05
4756.0 2.953e-05
4758.0 2.277e-05
4760.0 1.601e-05
4762.0 1.59e-05
4764.0 1.579e-05
4766.0 1.568e-05
4768.0 1.5570000000000002e-05
4770.0 1.546e-05
4772.0 2.1366e-05
4774.0 2.7272e-05
4776.0 3.3178e-05
4778.0 3.9084e-05
4780.0 4.499e-05
4782.0 4.6714e-05
4784.0 4.8438e-05
4786.0 5.0162e-05
4788.0 5.1886e-05
4790.0 5.3610000000000003e-05
4792.0 7.4558e-05
4794.0 9.550599999999999e-05
4796.0 0.00011645400000000001
4798.0 0.00013740199999999998
4800.0 0.00015834999999999997
4802.0 0.000146838
4804.0 0.000135326
4806.0 0.000123814
4808.0 0.000112302
4810.0 0.00010078999999999999
4812.0 8.4488e-05
4814.0 6.8186e-05
4816.0 5.1884e-05
4818.0 3.5582e-05
4820.0 1.9280000000000002e-05
4822.0 1.9594e-05
4824.0 1.9908e-05
4826.0 2.0222e-05
4828.0 2.0536e-05
4830.0 2.0850000000000002e-05
4832.0 1.7428e-05
4834.0 1.4006e-05
4836.0 1.0583999999999999e-05
4838.0 7.161999999999999e-06
4840.0 3.7399999999999998e-06
4842.0 3.2220000000000002e-06
4844.0 2.7040000000000003e-06
4846.0 2.186e-06
4848.0 1.668e-06
4850.0 1.15e-06
4852.0 4.366e-06
4854.0 7.5819999999999996e-06
4856.0 1.0797999999999999e-05
4858.0 1.4013999999999998e-05
4860.0 1.723e-05
4862.0 1.9208e-05
4864.0 2.1186e-05
4866.0 2.3164e-05
4868.0 2.5141999999999997e-05
4870.0 2.712e-05
4872.0 2.5988e-05
4874.0 2.4856e-05
4876.0 2.3724000000000002e-05
4878.0 2.2592e-05
4880.0 2.1459999999999998e-05
4882.0 1.8392e-05
4884.0 1.5324e-05
4886.0 1.2256000000000001e-05
4888.0 9.188e-06
4890.0 6.12e-06
4892.0 6.4079999999999995e-06
4894.0 6.696e-06
4896.0 6.9839999999999995e-06
4898.0 7.272e-06
4900.0 7.5600000000000005e-06
4902.0 9.506e-06
4904.0 1.1452000000000001e-05
4906.0 1.3398e-05
4908.0 1.5344e-05
4910.0 1.7290000000000002e-05
4912.0 1.8944e-05
4914.0 2.0598e-05
4916.0 2.2252e-05
4918.0 2.3906e-05
4920.0 2.5560000000000003e-05
4922.0 2.1616e-05
4924.0 1.7672e-05
4926.0 1.3728e-05
4928.0 9.784e-06
4930.0 5.84e-06
4932.0 6.532e-06
4934.0 7.224e-06
4936.0 7.916e-06
4938.0 8.608e-06
4940.0 9.3e-06
4942.0 1.0508e-05
4944.0 1.1716000000000001e-05
4946.0 1.2924e-05
4948.0 1.4132000000000001e-05
4950.0 1.534e-05
4952.0 1.8546e-05
4954.0 2.1752e-05
4956.0 2.4957999999999997e-05
4958.0 2.8164e-05
4960.0 3.137e-05
4962.0 2.8188000000000002e-05
4964.0 2.5006e-05
4966.0 2.1824e-05
4968.0 1.8642000000000002e-05
4970.0 1.546e-05
4972.0 1.9645999999999998e-05
4974.0 2.3831999999999998e-05
4976.0 2.8018000000000002e-05
4978.0 3.2204e-05
4980.0 3.6389999999999995e-05
4982.0 3.4916e-05
4984.0 3.3441999999999996e-05
4986.0 3.1968e-05
4988.0 3.0494e-05
4990.0 2.902e-05
4992.0 2.5246000000000002e-05
4994.0 2.1472e-05
4996.0 1.7698e-05
4998.0 1.3924000000000001e-05
5000.0 1.0150000000000001e-05
5002.0 1.6065999999999998e-05
5004.0 2.1982e-05
5006.0 2.7898e-05
5008.0 3.3814e-05
5010.0 3.973e-05
5012.0 3.3474e-05
5014.0 2.7218e-05
5016.0 2.0962e-05
5018.0 1.4706000000000001e-05
5020.0 8.45e-06
5022.0 1.0729999999999999e-05
5024.0 1.301e-05
5026.0 1.529e-05
5028.0 1.757e-05
5030.0 1.9849999999999998e-05
5032.0 1.9026e-05
5034.0 1.8202e-05
5036.0 1.7378000000000002e-05
5038.0 1.6554e-05
5040.0 1.573e-05
5042.0 1.2884e-05
5044.0 1.0038e-05
5046.0 7.192e-06
5048.0 4.3459999999999996e-06
5050.0 1.4999999999999998e-06
5052.0 8.184e-06
5054.0 1.4867999999999999e-05
5056.0 2.1552e-05
5058.0 2.8236e-05
5060.0 3.492e-05
5062.0 3.2684e-05
5064.0 3.0447999999999997e-05
5066.0 2.8211999999999997e-05
5068.0 2.5975999999999997e-05
5070.0 2.374e-05
5072.0 2.087e-05
5074.0 1.8e-05
5076.0 1.513e-05
5078.0 1.2260000000000001e-05
5080.0 9.39e-06
5082.0 7.512e-06
5084.0 5.634000000000001e-06
5086.0 3.756e-06
5088.0 1.878e-06
5092.0 2.914e-06
5094.0 5.828e-06
5096.0 8.742e-06
5098.0 1.1656e-05
5100.0 1.457e-05
5102.0 1.3392e-05
5104.0 1.2214e-05
5106.0 1.1035999999999999e-05
5108.0 9.858e-06
5110.0 8.68e-06
5112.0 9.428e-06
5114.0 1.0176e-05
5116.0 1.0924e-05
5118.0 1.1672e-05
5120.0 1.242e-05
5122.0 1.219e-05
5124.0 1.196e-05
5126.0 1.173e-05
5128.0 1.15e-05
5130.0 1.1269999999999999e-05
5132.0 1.4147999999999999e-05
5134.0 1.7026e-05
5136.0 1.9903999999999998e-05
5138.0 2.2782000000000003e-05
5140.0 2.566e-05
5142.0 2.45e-05
5144.0 2.334e-05
5146.0 2.2179999999999998e-05
5148.0 2.1020000000000002e-05
5150.0 1.986e-05
5152.0 1.7614e-05
5154.0 1.5368e-05
5156.0 1.3121999999999999e-05
5158.0 1.0876e-05
5160.0 8.63e-06
5162.0 9.108e-06
5164.0 9.586e-06
5166.0 1.0063999999999999e-05
5168.0 1.0542e-05
5170.0 1.102e-05
5172.0 1.1192e-05
5174.0 1.1364000000000002e-05
5176.0 1.1536000000000001e-05
5178.0 1.1708e-05
5180.0 1.188e-05
5182.0 9.92e-06
5184.0 7.96e-06
5186.0 5.999999999999999e-06
5188.0 4.04e-06
5190.0 2.08e-06
5192.0 4.985999999999999e-06
5194.0 7.892e-06
5196.0 1.0797999999999999e-05
5198.0 1.3704e-05
5200.0 1.661e-05
5202.0 1.3564000000000001e-05
5204.0 1.0518000000000002e-05
5206.0 7.472e-06
