05_Contrib/TimeDomain/PhotoReverberationMappingAGN/ZTF_data/ZTF_filters/ztf-g.ecsv
# %ECSV 1.0
# ---
# datatype:
# - {name: wavelength, unit: Angstrom, datatype: float64}
# - {name: response, datatype: float64}
# meta:
#   __serialized_columns__:
#     wavelength:
#       __class__: astropy.units.quantity.Quantity
#       unit: !astropy.units.Unit {unit: Angstrom}
#       value: !astropy.table.SerializedColumn {name: wavelength}
#   band_name: g
#   group_name: ztf
# schema: astropy-2.0
wavelength response
[from data line 1442]
5142.0 0.9199407056
5143.0 0.9187843022
5144.0 0.9188722534
5145.0 0.9174968792999999
5146.0 0.9208408239000001
5147.0 0.9175636928
5148.0 0.9185834889
5149.0 0.9171627449
5150.0 0.9154827469
5151.0 0.9173259079
5152.0 0.9165606359999999
5153.0 0.9125441696
5154.0 0.9182833559
5155.0 0.915019166
5156.0 0.9165661393000001
5157.0 0.9158476657999999
5158.0 0.9164724074999999
5159.0 0.9143973806
5160.0 0.9154942571
5161.0 0.9135852275
5162.0 0.9176881652
5163.0 0.9151041068000001
5164.0 0.9155742786000001
5165.0 0.9216899214000001
5166.0 0.9138685463999999
5167.0 0.9142730031
5168.0 0.9150877674
5169.0 0.9137273648
5170.0 0.9116950272
5171.0 0.915983256
5172.0 0.9144583385
5173.0 0.9140093116
5174.0 0.9144945603
5175.0 0.9141404396999999
5176.0 0.9153002989
5177.0 0.9192521968
5178.0 0.9140011968
5179.0 0.9138394413
5180.0 0.916550405
5181.0 0.9088141474
5182.0 0.9148857361
5183.0 0.913378507
5184.0 0.9148273467
5185.0 0.9117000257
5186.0 0.9164365645
5187.0 0.9145408732
5188.0 0.9128033845
5189.0 0.9115944279
5190.0 0.9164906273
5191.0 0.9126139481
5192.0 0.910784096
5193.0 0.9131650803
5194.0 0.9135433279999999
5195.0 0.9156566605
5196.0 0.9140718035000001
5197.0 0.9089525573999999
5198.0 0.9108396811999999
5199.0 0.91630479
5200.0 0.9109010988999999
5201.0 0.9115930763
5202.0 0.9145470479
5203.0 0.9141657121
5204.0 0.915460627
5205.0 0.9159387929
5206.0 0.9120294688
5207.0 0.9130392082000001
5208.0 0.9138141276999999
5209.0 0.907929358
5210.0 0.9146853602
5211.0 0.9162379404000001
5212.0 0.914374642
5213.0 0.9157779393
5214.0 0.9147325442
5215.0 0.9158934967000001
5216.0 0.9182837313000001
5217.0 0.9183704246000001
5218.0 0.9108744756
5219.0 0.9149498377999999
5220.0 0.9156316089000001
5221.0 0.9192097844
5222.0 0.9179104478
5223.0 0.9190168093
5224.0 0.9177987173
5225.0 0.9194103089
5226.0 0.9122590397
5227.0 0.9204463029
5228.0 0.9207742731999999
5229.0 0.9196697095999999
5230.0 0.9223548214999999
5231.0 0.9220353765999999
5232.0 0.9186672733000001
5233.0 0.9199568021000001
5234.0 0.9191015281999999
5235.0 0.9195407163999999
5236.0 0.9195863901
5237.0 0.9227201166000001
5238.0 0.9197815867
5239.0 0.9219915700999999
5240.0 0.9229838243
5241.0 0.9246477090999999
5242.0 0.9225042727
5243.0 0.921779109
5244.0 0.9223849022
5245.0 0.9213436086
5246.0 0.9187505868
5247.0 0.9205165591
5248.0 0.9187432062
5249.0 0.923512512
5250.0 0.9199287886
5251.0 0.9196344187
5252.0 0.9197750917
5253.0 0.9208197436000001
5254.0 0.9215347822
5255.0 0.9218621586000001
5256.0 0.920606777
5257.0 0.9198466162
5258.0 0.9211408701
5259.0 0.9172420199
5260.0 0.9200897659
5261.0 0.9216488682
5262.0 0.9212077419000001
5263.0 0.9152385364
5264.0 0.9207335931
5265.0 0.9168449638
5266.0 0.9192933913
5267.0 0.9169901063
5268.0 0.9169350441
5269.0 0.9152932001
5270.0 0.9181647824
5271.0 0.9125117688000001
5272.0 0.9126316975000001
5273.0 0.916125796
5274.0 0.9083979578
5275.0 0.9120485137
5276.0 0.9093513883
5277.0 0.910829777
5278.0 0.9113665598
5279.0 0.9097483603000001
5280.0 0.9072293936
5281.0 0.9056973462000001
5282.0 0.9051054891
5283.0 0.9071644188000001
5284.0 0.9093641478000001
5285.0 0.9046580954
5286.0 0.902303737
5287.0 0.9051929249
5288.0 0.8998230088
5289.0 0.9063283715
5290.0 0.9069273483000001
5291.0 0.9042232201
5292.0 0.9032528114999999
5293.0 0.9022913356
5294.0 0.9005799086
5295.0 0.9020203952
5296.0 0.9050156645
5297.0 0.9030299985000001
5298.0 0.9009650435000001
5299.0 0.9038364919
5300.0 0.9035806318999999
5301.0 0.9029375224999999
5302.0 0.902037751
5303.0 0.8985278391
5304.0 0.9018736392
5305.0 0.9013979030999999
5306.0 0.8968267385
5307.0 0.9022423759
5308.0 0.9001472959
5309.0 0.8998754174
5310.0 0.8994738409999999
5311.0 0.903557485
5312.0 0.9033994953
5313.0 0.9035279673
5314.0 0.8984686095000001
5315.0 0.9038165072
5316.0 0.9052342634999999
5317.0 0.9024691236
5318.0 0.9045642744
5319.0 0.9049128837000001
5320.0 0.9000235701
5321.0 0.9064814176
5322.0 0.9062970804
5323.0 0.9051291372
5324.0 0.9068740719999999
5325.0 0.9084255939000001
5326.0 0.9096719007
5327.0 0.9126726999
5328.0 0.9055195251000001
5329.0 0.9053964284
5330.0 0.9083274537
5331.0 0.911466745
5332.0 0.9103479342
5333.0 0.909218082
5334.0 0.9076762372
5335.0 0.9087428393
5336.0 0.9125242880000001
5337.0 0.9154224974
5338.0 0.9123800076
5339.0 0.9101467587000001
5340.0 0.9121678022999999
5341.0 0.9139883268
5342.0 0.9115701114
5343.0 0.912952653
5344.0 0.9152005903
5345.0 0.9152272485
5346.0 0.9116820436999999
5347.0 0.9135041343
5348.0 0.9155256889000001
5349.0 0.9147082149000001
5350.0 0.9096948248
5351.0 0.9116561105
5352.0 0.915076299
5353.0 0.9143245956
5354.0 0.9127668803
5355.0 0.9141020328
5356.0 0.91084767
5357.0 0.9122302297
5358.0 0.9156169344
5359.0 0.9063772179
5360.0 0.9129921032999999
5361.0 0.9116693213000001
5362.0 0.9081678549
5363.0 0.9096333043
5364.0 0.910893844
5365.0 0.9097257528
5366.0 0.9098876232
5367.0 0.9118771011
5368.0 0.9133975473
5369.0 0.9091787347
5370.0 0.9078150561
5371.0 0.9109544427
5372.0 0.9093748508
5373.0 0.9077618516
5374.0 0.9093140286000001
5375.0 0.9089256655
5376.0 0.909454642
5377.0 0.9049954931
5378.0 0.9043443603
5379.0 0.9032676152000001
5380.0 0.9076779756000001
5381.0 0.9050919351000001
5382.0 0.903535669
5383.0 0.9071998336999999
5384.0 0.903344178
5385.0 0.9096535946000001
5386.0 0.9065226227
5387.0 0.9082640086000001
5388.0 0.9023660259
5389.0 0.9002952747
5390.0 0.902486509
5391.0 0.9027321582000001
5392.0 0.9021870629
5393.0 0.9051627916
5394.0 0.9051916389
5395.0 0.8990714232000001
5396.0 0.9035050456
5397.0 0.8981237284
5398.0 0.8994380806
5399.0 0.9019042232
5400.0 0.8974049601
5401.0 0.8979192166
5402.0 0.8958622760999999
5403.0 0.8980614061
5404.0 0.8963331015999999
5405.0 0.8935365499
5406.0 0.8988462443999999
5407.0 0.8953530953000001
5408.0 0.8950609147999999
5409.0 0.8931467508
5410.0 0.892530116
5411.0 0.8903758329
5412.0 0.8912085754
5413.0 0.8918004436
5414.0 0.8904317802
5415.0 0.8892715108
5416.0 0.8826052423
5417.0 0.8872508694
5418.0 0.8870546129
5419.0 0.8816538192
5420.0 0.8822947852999999
5421.0 0.8805477968
5422.0 0.8820412168999999
5423.0 0.8807878369
5424.0 0.878427088
5425.0 0.8775837624
5426.0 0.8751025966
5427.0 0.8748822855
5428.0 0.8783312287
5429.0 0.8750046626
5430.0 0.8720046974
5431.0 0.8714420323000001
5432.0 0.8717007094
5433.0 0.8665885177
5434.0 0.8671563386
5435.0 0.8644479387
5436.0 0.8609951755999999
5437.0 0.8602055772999999
5438.0 0.859229612
5439.0 0.8579473122
5440.0 0.849493085
5441.0 0.8469935726
5442.0 0.8408867087
5443.0 0.8349339624
5444.0 0.8327581408
5445.0 0.820819856
5446.0 0.8093992848
5447.0 0.7978191017999999
5448.0 0.7916674368
5449.0 0.7736524846
5450.0 0.7673039319999999
5451.0 0.7424000738
5452.0 0.7326795756
5453.0 0.7097075266999999
5454.0 0.6947504381999999
5455.0 0.6826018448000001
5456.0 0.6535271436
5457.0 0.6369776549
5458.0 0.6039573009
5459.0 0.5890774174
5460.0 0.5547511145
5461.0 0.5364268928
5462.0 0.5190310145
5463.0 0.4812649165
5464.0 0.44862180690000003
5465.0 0.43031224799999995
5466.0 0.39598263850000004
5467.0 0.37966039469999996
5468.0 0.36307593660000004
5469.0 0.33166678920000003
5470.0 0.3170469873
5471.0 0.2880304629
5472.0 0.27493115970000004
5473.0 0.2619106597
5474.0 0.23801978380000002
5475.0 0.2242767916
5476.0 0.2034766697
5477.0 0.18377397380000002
5478.0 0.17357057650000002
5479.0 0.1579830392
5480.0 0.14963954969999999
5481.0 0.1414958287
5482.0 0.1284635684
5483.0 0.1149083343
5484.0 0.1096958314
5485.0 0.1036861314
5486.0 0.09328252764
5487.0 0.08851888306
5488.0 0.08004745175
5489.0 0.07585137907
5490.0 0.06920178456000001
5491.0 0.06565776063
5492.0 0.05907959069
5493.0 0.05716858593
5494.0 0.05113418967
5495.0 0.048952450360000004
5496.0 0.04483359977
5497.0 0.04237426667
5498.0 0.03866349316
5499.0 0.0368993291
5500.0 0.0335012801
5501.0 0.0326689822
5502.0 0.03078348044
5503.0 0.02832946046
5504.0 0.02718268725
5505.0 0.024325599969999997
5506.0 0.02371768045
5507.0 0.021551255569999997
5508.0 0.021172224939999998
5509.0 0.02004502869
5510.0 0.01810143326
5511.0 0.01724606438
5512.0 0.0165018586
5513.0 0.015162728569999999
5514.0 0.01459358715
5515.0 0.013626777699999999
5516.0 0.013139664399999999
5517.0 0.01240930789
5518.0 0.01169426682
5519.0 0.010786773300000002
5520.0 0.010459340900000001
5521.0 0.00985783019
5522.0 0.00934231889
5523.0 0.008927683050000001
5524.0 0.00853005895
5525.0 0.00817740064
5526.0 0.00757836409
5527.0 0.007205641400000001
5528.0 0.00704340259
5529.0 0.00693347297
5530.0 0.006453415529999999
5531.0 0.00626466871
5532.0 0.005932922750000001
5533.0 0.0055469509800000006
5534.0 0.0053725154399999996
5535.0 0.00536437156
5536.0 0.00515319453
5537.0 0.00476439225
5538.0 0.00443235257
5539.0 0.0042100717900000004
5540.0 0.00417716961
5541.0 0.00404522726
5542.0 0.0039829175100000004
5543.0 0.00400046852
5544.0 0.0036133532299999997
5545.0 0.00337685727
5546.0 0.00359351196
5547.0 0.00317372087
5548.0 0.00325548351
5549.0 0.0029950590500000002
5550.0 0.00297222048
5551.0 0.0029875845299999998
5552.0 0.0026739887299999997
5553.0 0.00273238682
5554.0 0.0025814779
5555.0 0.00243834659
5556.0 0.00238898383
5557.0 0.00255361703
5558.0 0.0022910018
5559.0 0.00241411992
5560.0 0.00228851363
5561.0 0.0021333380900000003
5562.0 0.00209124626
5563.0 0.00191805019
5564.0 0.00204425956
5565.0 0.0019324962200000001
5566.0 0.00203047494
5567.0 0.00199684427
5568.0 0.0017325787
5569.0 0.00190049609
5570.0 0.00181338169
5571.0 0.00168725413
5572.0 0.00150750183
5573.0 0.00141141381
5574.0 0.00169844206
5575.0 0.0016366757700000002
5576.0 0.00165496623
5577.0 0.0015619591899999998
5578.0 0.00159670723
5579.0 0.0013735776799999998
5580.0 0.0014515971999999999
5581.0 0.00123330819
5582.0 0.0013708928500000001
5583.0 0.00129509549
5584.0 0.00117714741
5585.0 0.00132501811
5586.0 0.0012990456
5587.0 0.0012548825499999999
5588.0 0.00115929204
5589.0 0.00120250758
5590.0 0.00121396589
5591.0 0.00104112441
5592.0 0.00109305032
5593.0 0.00109411121
5594.0 0.00105662637
5595.0 0.001151861
5596.0 0.0009982508499999999
5597.0 0.00110417835
5598.0 0.00089703451
5599.0 0.00104288994
5600.0 0.00093937931
5601.0 0.00099307484
5602.0 0.0009651578
5603.0 0.0008427188200000001
5604.0 0.00095647596
5605.0 0.0007526957
5606.0 0.00098148327
5607.0 0.00085849693
5608.0 0.00085785065
5609.0 0.0007959137300000001
5610.0 0.0008130863200000001
5611.0 0.0008196292500000001
5612.0 0.00078494305
5613.0 0.0007910017
5614.0 0.00087004942
5615.0 0.0008167734
5616.0 0.0007105165099999999
5617.0 0.0007710166999999999
5618.0 0.00076116008
5619.0 0.00082208377
5620.0 0.0007176082000000001
5621.0 0.0007674530899999999
5622.0 0.0006443464999999999
5623.0 0.00079187468
5624.0 0.0006693785100000001
5625.0 0.00067718736
5626.0 0.0008302377700000001
5627.0 0.000709705
5628.0 0.0006652111600000001
5629.0 0.0006384011000000001
5630.0 0.00070525457
5631.0 0.00067766173
5632.0 0.00067798908
5633.0 0.00073636456
5634.0 0.0006765327699999999
5635.0 0.00050853491
5636.0 0.00064239648
5637.0 0.00063342455
5638.0 0.00061528607
5639.0 0.00059869131
5640.0 0.00059977867
5641.0 0.0006407500100000001
5642.0 0.00063056473
5643.0 0.0005227215200000001
5644.0 0.0006470316399999999
5645.0 0.0005534219900000001
5646.0 0.00052996845
5647.0 0.00050187786
5648.0 0.0
