05_Contrib/TimeDomain/PhotoReverberationMappingAGN/ZTF_data/ZTF_filters/ztf-r.ecsv
# %ECSV 1.0
# ---
# datatype:
# - {name: wavelength, unit: Angstrom, datatype: float64}
# - {name: response, datatype: float64}
# meta:
#   __serialized_columns__:
#     wavelength:
#       __class__: astropy.units.quantity.Quantity
#       unit: !astropy.units.Unit {unit: Angstrom}
#       value: !astropy.table.SerializedColumn {name: wavelength}
#   band_name: r
#   group_name: ztf
# schema: astropy-2.0
wavelength response
[from data line 1453]
6447.3 0.95012
6448.0 0.94939
6448.6 0.9530500000000001
6449.2 0.9504699999999999
6449.8 0.9532299999999999
6450.5 0.9488500000000001
6451.1 0.95234
6451.7 0.95443
6452.3 0.9492700000000001
6453.0 0.9556100000000001
6453.6 0.94782
6454.2 0.9518300000000001
6454.8 0.95202
6455.5 0.95285
6456.1 0.95465
6456.7 0.9526
6457.3 0.95434
6457.9 0.95465
6458.6 0.95654
6459.2 0.9520000000000001
6459.8 0.95341
6460.4 0.95261
6461.1 0.9523900000000001
6461.7 0.9551099999999999
6462.3 0.9538899999999999
6462.9 0.95721
6463.5 0.95654
6464.2 0.95452
6464.8 0.9554600000000001
6465.4 0.9534
6466.0 0.9544400000000001
6466.7 0.95709
6467.3 0.9548300000000001
6467.9 0.95377
6468.5 0.95537
6469.099999999999 0.95687
6469.8 0.95538
6470.4 0.95643
6471.0 0.95841
6471.599999999999 0.9564100000000001
6472.200000000001 0.9567700000000001
6472.9 0.9551000000000001
6473.5 0.9565699999999999
6474.099999999999 0.9568300000000001
6474.700000000001 0.95557
6475.299999999999 0.9562
6476.0 0.95463
6476.599999999999 0.95383
6477.200000000001 0.9623999999999999
6477.799999999999 0.96021
6478.400000000001 0.961
6479.099999999999 0.95785
6479.700000000001 0.9615
6480.299999999999 0.9605800000000001
6480.900000000001 0.96369
6481.5 0.95864
6482.200000000001 0.9570099999999999
6482.799999999999 0.95869
6483.400000000001 0.95966
6484.0 0.95941
6484.6 0.96072
6485.2 0.95939
6485.900000000001 0.96348
6486.5 0.96202
6487.1 0.9614100000000001
6487.7 0.96089
6488.3 0.9592100000000001
6489.0 0.9582599999999999
6489.6 0.96166
6490.2 0.96479
6490.8 0.96229
6491.4 0.9609300000000001
6492.0 0.96312
6492.7 0.96306
6493.3 0.9622700000000001
6493.9 0.96241
6494.5 0.9601099999999999
6495.1 0.96449
6495.700000000001 0.96273
6496.4 0.96107
6497.0 0.95852
6497.6 0.96273
6498.200000000001 0.9618099999999999
6498.8 0.96348
6499.400000000001 0.9617
6500.0 0.96312
6500.700000000001 0.9641500000000001
6501.3 0.95922
6501.900000000001 0.9597199999999999
6502.5 0.96467
6503.099999999999 0.96658
6503.7 0.9629300000000001
6504.400000000001 0.9648699999999999
6505.0 0.965
6505.599999999999 0.96623
6506.2 0.96383
6506.799999999999 0.96539
6507.4 0.9610299999999999
6508.0 0.9642700000000001
6508.7 0.9615600000000001
6509.299999999999 0.96269
6509.9 0.96027
6510.5 0.9657899999999999
6511.1 0.9631399999999999
6511.7 0.9641299999999999
6512.3 0.96595
6512.9 0.9614100000000001
6513.6 0.9626300000000001
6514.2 0.9650700000000001
6514.8 0.96404
6515.4 0.96348
6516.0 0.96223
6516.599999999999 0.9653400000000001
6517.200000000001 0.96829
6517.9 0.9629300000000001
6518.5 0.9620799999999999
6519.099999999999 0.96282
6519.700000000001 0.9642700000000001
6520.299999999999 0.9654900000000001
6520.900000000001 0.9630200000000001
6521.5 0.9611
6522.1 0.9655800000000001
6522.7 0.9626600000000001
6523.400000000001 0.9606699999999999
6524.0 0.96155
6524.6 0.96358
6525.2 0.9649599999999999
6525.8 0.9655
6526.4 0.96191
6527.0 0.9671299999999999
6527.6 0.96182
6528.200000000001 0.96371
6528.9 0.96108
6529.5 0.96375
6530.1 0.96421
6530.700000000001 0.9671299999999999
6531.3 0.96414
6531.900000000001 0.96206
6532.5 0.96229
6533.099999999999 0.9667600000000001
6533.7 0.96408
6534.299999999999 0.96038
6535.0 0.9629300000000001
6535.599999999999 0.96027
6536.2 0.96492
6536.799999999999 0.96301
6537.4 0.96548
6538.0 0.9661
6538.6 0.96686
6539.2 0.9662900000000001
6539.8 0.95953
6540.4 0.96329
6541.0 0.9658100000000001
6541.599999999999 0.9664400000000001
6542.3 0.96207
6542.9 0.9649
6543.5 0.9640099999999999
6544.099999999999 0.96576
6544.700000000001 0.9662099999999999
6545.299999999999 0.9665600000000001
6545.900000000001 0.96539
6546.5 0.95949
6547.1 0.96575
6547.7 0.9649
6548.3 0.9660299999999999
6548.9 0.9674200000000001
6549.5 0.9650799999999999
6550.1 0.96768
6550.700000000001 0.96455
6551.4 0.9643200000000001
6552.0 0.9639
6552.6 0.96283
6553.200000000001 0.9652
6553.8 0.96613
6554.400000000001 0.96712
6555.0 0.9645900000000001
6555.599999999999 0.95939
6556.2 0.96559
6556.799999999999 0.96348
6557.4 0.96557
6558.0 0.96608
6558.6 0.96378
6559.2 0.9665699999999999
6559.8 0.9626699999999999
6560.4 0.96479
6561.0 0.9640000000000001
6561.599999999999 0.9639
6562.200000000001 0.9639
6562.799999999999 0.9669199999999999
6563.400000000001 0.9656600000000001
6564.099999999999 0.96462
6564.700000000001 0.9637699999999999
6565.299999999999 0.96289
6565.900000000001 0.96257
6566.5 0.96462
6567.1 0.9633499999999999
6567.7 0.9655
6568.3 0.96077
6568.9 0.9655
6569.5 0.96429
6570.1 0.9676600000000001
6570.700000000001 0.96698
6571.3 0.9670799999999999
6571.900000000001 0.9649599999999999
6572.5 0.9686100000000001
6573.099999999999 0.9665699999999999
6573.7 0.96816
6574.299999999999 0.96665
6574.9 0.96551
6575.5 0.96358
6576.1 0.9685299999999999
6576.7 0.96673
6577.3 0.965
6577.9 0.9633700000000001
6578.5 0.96575
6579.099999999999 0.96463
6579.700000000001 0.96817
6580.299999999999 0.96583
6580.900000000001 0.96482
6581.5 0.96762
6582.1 0.96504
6582.7 0.96879
6583.3 0.96422
6583.9 0.96693
6584.5 0.9670399999999999
6585.1 0.96481
6585.700000000001 0.96627
6586.3 0.9656999999999999
6586.900000000001 0.96707
6587.5 0.96768
6588.099999999999 0.96637
6588.7 0.9680500000000001
6589.299999999999 0.96639
6589.9 0.96661
6590.5 0.9677
6591.1 0.96829
6591.7 0.96787
6592.3 0.96563
6592.9 0.96406
6593.5 0.96533
6594.099999999999 0.96599
6594.700000000001 0.96592
6595.299999999999 0.96147
6595.900000000001 0.96399
6596.5 0.96563
6597.1 0.96809
6597.7 0.9697499999999999
6598.200000000001 0.96419
6598.8 0.96674
6599.400000000001 0.9645199999999999
6600.0 0.96557
6600.599999999999 0.96875
6601.2 0.96399
6601.799999999999 0.9660599999999999
6602.4 0.96548
6603.0 0.9699500000000001
6603.6 0.96465
6604.2 0.96556
6604.8 0.9675
6605.4 0.96698
6606.0 0.9652200000000001
6606.599999999999 0.96682
6607.200000000001 0.96485
6607.799999999999 0.96411
6608.400000000001 0.9653499999999999
6609.0 0.96571
6609.6 0.96777
6610.2 0.96081
6610.700000000001 0.96548
6611.3 0.96747
6611.900000000001 0.96336
6612.5 0.96476
6613.099999999999 0.96543
6613.7 0.9667100000000001
6614.299999999999 0.9631000000000001
6614.9 0.96492
6615.5 0.96312
6616.1 0.96505
6616.7 0.9654600000000001
6617.3 0.96686
6617.9 0.9642499999999999
6618.5 0.96569
6619.0 0.96518
6619.6 0.96475
6620.2 0.96237
6620.8 0.96655
6621.4 0.9624299999999999
6622.0 0.96257
6622.6 0.9639
6623.200000000001 0.9636100000000001
6623.8 0.9639
6624.400000000001 0.9626
6625.0 0.96232
6625.599999999999 0.96541
6626.1 0.9662900000000001
6626.7 0.96615
6627.3 0.96809
6627.9 0.9656
6628.5 0.9671500000000001
6629.099999999999 0.96502
6629.700000000001 0.9645699999999999
6630.299999999999 0.96468
6630.900000000001 0.9652299999999999
6631.4 0.9644400000000001
6632.0 0.96363
6632.6 0.96328
6633.200000000001 0.96433
6633.8 0.96136
6634.400000000001 0.9659300000000001
6635.0 0.96474
6635.599999999999 0.96309
6636.2 0.96462
6636.7 0.96327
6637.3 0.96441
6637.9 0.9622799999999999
6638.5 0.96313
6639.099999999999 0.96076
6639.700000000001 0.96369
6640.299999999999 0.9629800000000001
6640.900000000001 0.9654200000000001
6641.4 0.9641299999999999
6642.0 0.96345
6642.6 0.9619199999999999
6643.200000000001 0.9596800000000001
6643.8 0.96407
6644.400000000001 0.96475
6645.0 0.96619
6645.599999999999 0.96277
6646.1 0.9648300000000001
6646.7 0.96048
6647.3 0.9619
6647.9 0.9666899999999999
6648.5 0.96199
6649.099999999999 0.96325
6649.700000000001 0.9626600000000001
6650.2 0.9615600000000001
6650.8 0.9643600000000001
6651.4 0.96356
6652.0 0.95953
6652.6 0.95958
6653.200000000001 0.96203
6653.7 0.9621599999999999
6654.299999999999 0.9645999999999999
6654.9 0.96193
6655.5 0.96257
6656.1 0.96654
6656.7 0.9604600000000001
6657.200000000001 0.96557
6657.799999999999 0.9601999999999999
6658.400000000001 0.96257
6659.0 0.9626
6659.6 0.96404
6660.2 0.9617100000000001
6660.700000000001 0.9630200000000001
6661.3 0.96092
6661.900000000001 0.9633499999999999
6662.5 0.96206
6663.099999999999 0.96343
6663.7 0.9603700000000001
6664.2 0.9613200000000001
6664.8 0.96032
6665.4 0.95882
6666.0 0.9633400000000001
6666.599999999999 0.9590099999999999
6667.1 0.96686
6667.7 0.96285
6668.3 0.96147
6668.9 0.96041
6669.5 0.95975
6670.0 0.9637399999999999
6670.599999999999 0.96308
6671.2 0.9662099999999999
6671.799999999999 0.96277
6672.4 0.9630200000000001
6672.9 0.96375
6673.5 0.96504
6674.099999999999 0.9607899999999999
6674.700000000001 0.9624299999999999
6675.299999999999 0.96244
6675.8 0.96348
6676.4 0.9618099999999999
6677.0 0.96344
6677.6 0.96406
6678.200000000001 0.95865
6678.7 0.9599
6679.299999999999 0.9632200000000001
6679.9 0.9638599999999999
6680.5 0.9645199999999999
6681.0 0.96125
6681.599999999999 0.96681
6682.200000000001 0.9617
6682.799999999999 0.9618000000000001
6683.400000000001 0.9637600000000001
6683.9 0.95931
6684.5 0.96295
6685.1 0.9599599999999999
6685.700000000001 0.96336
6686.2 0.9623999999999999
6686.799999999999 0.9636199999999999
6687.4 0.96294
6688.0 0.96209
6688.5 0.96221
6689.099999999999 0.96244
6689.700000000001 0.96081
6690.299999999999 0.9667600000000001
6690.8 0.9619199999999999
6691.4 0.96681
6692.0 0.96152
6692.6 0.9607899999999999
6693.099999999999 0.96824
6693.7 0.96277
6694.299999999999 0.9619
6694.9 0.96055
6695.4 0.96053
6696.0 0.96529
6696.599999999999 0.96348
6697.200000000001 0.96619
6697.7 0.9629800000000001
6698.3 0.96152
6698.9 0.96493
6699.5 0.9630500000000001
6700.0 0.96247
6700.599999999999 0.96458
6701.2 0.9648300000000001
6701.799999999999 0.96639
6702.3 0.9615
6702.9 0.96356
6703.5 0.96172
6704.0 0.9655
6704.6 0.96366
6705.2 0.9659300000000001
6705.8 0.96615
6706.3 0.96416
6706.900000000001 0.9669599999999999
6707.5 0.96237
6708.0 0.96131
6708.6 0.9648300000000001
6709.2 0.96589
6709.8 0.9650799999999999
6710.299999999999 0.96404
6710.900000000001 0.96613
6711.5 0.9629800000000001
6712.0 0.9640099999999999
6712.6 0.9618800000000001
6713.200000000001 0.96224
6713.7 0.9645999999999999
6714.299999999999 0.96307
6714.9 0.9662099999999999
6715.5 0.9664
6716.0 0.9608
6716.599999999999 0.9662099999999999
6717.200000000001 0.96195
6717.7 0.96556
6718.3 0.96539
6718.9 0.95993
6719.400000000001 0.96466
6720.0 0.96355
6720.599999999999 0.96426
6721.1 0.96329
6721.7 0.9632
6722.3 0.9627500000000001
6722.799999999999 0.96301
6723.400000000001 0.9627899999999999
6724.0 0.9641500000000001
6724.5 0.9626399999999999
6725.1 0.9633799999999999
6725.700000000001 0.9595
6726.2 0.96235
6726.799999999999 0.96453
6727.4 0.96116
6727.9 0.9617
6728.5 0.96355
6729.099999999999 0.96647
6729.6 0.96343
6730.2 0.96556
6730.8 0.9633400000000001
6731.3 0.95939
6731.900000000001 0.9618300000000001
6732.5 0.9613700000000001
6733.0 0.96463
6733.6 0.96045
6734.2 0.96187
6734.700000000001 0.9616899999999999
6735.299999999999 0.9606699999999999
6735.8 0.9595999999999999
6736.4 0.9592
6737.0 0.95864
6737.5 0.96297
6738.099999999999 0.9593600000000001
6738.7 0.96194
6739.2 0.96024
6739.8 0.95914
6740.4 0.95899
6740.900000000001 0.9627800000000001
6741.5 0.9604600000000001
6742.0 0.95878
6742.6 0.9609399999999999
6743.200000000001 0.9577
6743.7 0.96182
6744.299999999999 0.96363
6744.8 0.96503
6745.4 0.9602299999999999
6746.0 0.9566899999999999
6746.5 0.96119
6747.1 0.9593200000000001
6747.7 0.95953
6748.200000000001 0.96111
6748.8 0.9588599999999999
6749.299999999999 0.96095
6749.9 0.9575499999999999
6750.5 0.96044
6751.0 0.95923
6751.599999999999 0.95911
6752.1 0.95973
6752.7 0.95864
6753.3 0.95545
6753.8 0.95773
6754.400000000001 0.96044
6754.9 0.95783
6755.5 0.95993
6756.0 0.9554900000000001
6756.599999999999 0.9591299999999999
6757.200000000001 0.95845
6757.7 0.95742
6758.3 0.9558599999999999
6758.8 0.95757
6759.400000000001 0.9605
6760.0 0.95612
6760.5 0.9607899999999999
6761.1 0.95485
6761.599999999999 0.9571200000000001
6762.200000000001 0.95895
6762.7 0.95813
6763.3 0.95747
6763.9 0.96139
6764.400000000001 0.9550799999999999
6765.0 0.95975
6765.5 0.95265
6766.1 0.9560599999999999
6766.599999999999 0.9571599999999999
6767.200000000001 0.9542
6767.7 0.9579099999999999
6768.3 0.95648
6768.9 0.95518
6769.400000000001 0.95387
6770.0 0.95673
6770.5 0.95585
6771.1 0.95674
6771.599999999999 0.9556999999999999
6772.200000000001 0.95474
6772.7 0.95627
6773.3 0.9572499999999999
6773.8 0.95601
6774.400000000001 0.95748
6774.9 0.95502
6775.5 0.95571
6776.1 0.9538599999999999
6776.599999999999 0.95761
6777.200000000001 0.95324
6777.7 0.95343
6778.3 0.95321
6778.8 0.95415
6779.400000000001 0.9539799999999999
6779.9 0.95229
6780.5 0.9553
6781.0 0.9516100000000001
6781.599999999999 0.95557
6782.1 0.9602299999999999
6782.7 0.9535800000000001
6783.200000000001 0.95569
6783.8 0.95172
6784.299999999999 0.9556699999999999
6784.9 0.9530299999999999
6785.4 0.95202
6786.0 0.9515300000000001
6786.5 0.95623
6787.1 0.95394
6787.6 0.95654
6788.200000000001 0.9527100000000001
6788.7 0.95284
6789.299999999999 0.95353
6789.8 0.95325
6790.4 0.95197
6790.900000000001 0.9544799999999999
6791.5 0.95467
6792.0 0.9554300000000001
6792.6 0.95415
6793.099999999999 0.95328
6793.7 0.9526699999999999
6794.2 0.95304
6794.8 0.95274
6795.299999999999 0.95004
6795.900000000001 0.94997
6796.4 0.95416
6796.900000000001 0.9556699999999999
6797.5 0.9520099999999999
6798.0 0.95172
6798.6 0.9526399999999999
6799.099999999999 0.95498
6799.700000000001 0.95282
6800.2 0.95301
6800.8 0.95254
6801.3 0.95376
6801.900000000001 0.9518899999999999
6802.4 0.9534900000000001
6803.0 0.95729
6803.5 0.95254
6804.0 0.95234
6804.6 0.95639
6805.1 0.95247
6805.700000000001 0.9533
6806.2 0.9515600000000001
6806.799999999999 0.95525
6807.3 0.95099
6807.9 0.9515
6808.400000000001 0.95375
6808.9 0.95513
6809.5 0.9510599999999999
6810.0 0.95143
6810.599999999999 0.95394
6811.1 0.95682
6811.7 0.9498399999999999
6812.200000000001 0.95569
6812.7 0.95563
6813.3 0.9546899999999999
6813.8 0.95816
6814.400000000001 0.95288
6814.9 0.95458
6815.4 0.95036
6816.0 0.95441
6816.5 0.9539
6817.1 0.9522799999999999
6817.6 0.9560200000000001
6818.200000000001 0.9536
6818.7 0.9531999999999999
6819.2 0.95667
6819.8 0.95492
6820.299999999999 0.95439
6820.900000000001 0.9548000000000001
6821.4 0.95367
6821.900000000001 0.95429
6822.5 0.9535399999999999
6823.0 0.9553400000000001
6823.6 0.9529000000000001
6824.099999999999 0.95652
6824.6 0.95309
6825.2 0.9546800000000001
6825.700000000001 0.9543600000000001
6826.2 0.95485
6826.799999999999 0.95935
6827.3 0.9554900000000001
6827.9 0.95241
6828.400000000001 0.9548300000000001
6828.9 0.95364
6829.5 0.9554300000000001
6830.0 0.95703
6830.5 0.9560500000000001
6831.1 0.95699
6831.599999999999 0.9559399999999999
6832.200000000001 0.95443
6832.7 0.95474
6833.200000000001 0.95479
6833.8 0.95714
6834.299999999999 0.9577899999999999
6834.8 0.95332
6835.4 0.95565
6835.900000000001 0.95604
6836.4 0.95623
6837.0 0.95609
6837.5 0.95643
6838.0 0.95655
6838.6 0.9578
6839.099999999999 0.9595
6839.6 0.9565
6840.2 0.95369
6840.700000000001 0.95726
6841.3 0.9547100000000001
6841.799999999999 0.96119
6842.3 0.9578700000000001
6842.9 0.9622499999999999
6843.400000000001 0.96026
6843.9 0.9570099999999999
6844.400000000001 0.95697
6845.0 0.9579300000000001
6845.5 0.96
6846.0 0.9600700000000001
6846.599999999999 0.95923
6847.1 0.95794
6847.6 0.9575199999999999
6848.200000000001 0.9614100000000001
6848.7 0.95953
6849.2 0.9606999999999999
6849.8 0.95798
6850.299999999999 0.96316
6850.8 0.95939
6851.4 0.95832
6851.900000000001 0.9561
6852.4 0.95796
6852.9 0.96017
6853.5 0.9591299999999999
6854.0 0.9632999999999999
6854.5 0.9644499999999999
6855.1 0.9618099999999999
6855.599999999999 0.9587399999999999
6856.1 0.96236
6856.7 0.96024
6857.200000000001 0.95914
6857.7 0.9579099999999999
6858.200000000001 0.95939
6858.8 0.96055
6859.299999999999 0.95937
6859.8 0.9581399999999999
6860.4 0.96088
6860.900000000001 0.9623999999999999
6861.4 0.96222
6861.900000000001 0.95869
6862.5 0.96628
6863.0 0.9590900000000001
6863.5 0.96095
6864.0 0.95871
6864.6 0.96312
6865.1 0.96306
6865.599999999999 0.96178
6866.1 0.96463
6866.5 0.96001
6867.1 0.96245
6867.7 0.95967
6868.3 0.96226
