05_Contrib/TimeDomain/PhotoReverberationMappingAGN/ZTF_data/ZTF_filters/ztf-r.ecsv
# %ECSV 1.0
# ---
# datatype:
# - {name: wavelength, unit: Angstrom, datatype: float64}
# - {name: response, datatype: float64}
# meta:
#   __serialized_columns__:
#     wavelength:
#       __class__: astropy.units.quantity.Quantity
#       unit: !astropy.units.Unit {unit: Angstrom}
#       value: !astropy.table.SerializedColumn {name: wavelength}
#   band_name: r
#   group_name: ztf
# schema: astropy-2.0
wavelength response
[from data line 723]
5987.5 0.96009
5988.099999999999 0.95839
5988.8 0.96042
5989.400000000001 0.96113
5990.0 0.95922
5990.700000000001 0.96399
5991.3 0.9607899999999999
5991.900000000001 0.96187
5992.6 0.95869
5993.200000000001 0.96162
5993.8 0.9591500000000001
5994.5 0.96309
5995.1 0.9603
5995.700000000001 0.95831
5996.3 0.9627500000000001
5997.0 0.95863
5997.6 0.96164
5998.200000000001 0.96012
5998.9 0.96536
5999.5 0.9594199999999999
6000.1 0.9617
6000.8 0.95982
6001.4 0.95923
6002.0 0.96232
6002.7 0.96135
6003.3 0.96289
6003.9 0.95872
6004.5 0.96131
6005.2 0.9621999999999999
6005.8 0.96175
6006.4 0.9589700000000001
6007.1 0.96272
6007.7 0.95825
6008.3 0.96315
6008.9 0.96146
6009.6 0.9636100000000001
6010.2 0.9603100000000001
6010.8 0.9631799999999999
6011.5 0.9568099999999999
6012.1 0.96053
6012.7 0.9598300000000001
6013.3 0.9617600000000001
6014.0 0.96285
6014.6 0.96084
6015.2 0.96607
6015.8 0.96009
6016.5 0.9616899999999999
6017.1 0.963
6017.7 0.9594799999999999
6018.400000000001 0.9614
6019.0 0.96315
6019.6 0.9620000000000001
6020.2 0.96163
6020.900000000001 0.96186
6021.5 0.96294
6022.1 0.9591200000000001
6022.7 0.95796
6023.400000000001 0.9604900000000001
6024.0 0.96205
6024.6 0.96057
6025.2 0.95857
6025.900000000001 0.95993
6026.5 0.9559799999999999
6027.1 0.9601999999999999
6027.7 0.9569
6028.400000000001 0.9603
6029.0 0.95709
6029.6 0.95719
6030.2 0.9568000000000001
6030.8 0.96112
6031.5 0.9555400000000001
6032.1 0.95569
6032.7 0.95792
6033.3 0.95363
6034.0 0.95557
6034.6 0.95926
6035.2 0.9565300000000001
6035.8 0.95661
6036.5 0.9544
6037.1 0.9565300000000001
6037.7 0.9560200000000001
6038.3 0.95467
6038.9 0.95587
6039.6 0.95706
6040.2 0.9565
6040.8 0.95164
6041.4 0.95438
6042.0 0.9497199999999999
6042.7 0.95187
6043.3 0.9526699999999999
6043.9 0.95478
6044.5 0.95194
6045.1 0.9515600000000001
6045.8 0.94613
6046.4 0.9461700000000001
6047.0 0.9504300000000001
6047.6 0.94982
6048.200000000001 0.9473
6048.9 0.948
6049.5 0.94487
6050.1 0.94607
6050.700000000001 0.9470999999999999
6051.3 0.94511
6051.900000000001 0.94461
6052.6 0.94659
6053.200000000001 0.9426000000000001
6053.8 0.94526
6054.400000000001 0.9431999999999999
6055.0 0.94286
6055.700000000001 0.94318
6056.3 0.94354
6056.900000000001 0.9420000000000001
6057.5 0.93967
6058.099999999999 0.93896
6058.7 0.94068
6059.400000000001 0.9416800000000001
6060.0 0.93948
6060.599999999999 0.93659
6061.2 0.9383400000000001
6061.799999999999 0.9397199999999999
6062.4 0.93997
6063.0 0.9337000000000001
6063.7 0.93841
6064.299999999999 0.9337399999999999
6064.9 0.9348000000000001
6065.5 0.93663
6066.1 0.93204
6066.7 0.93207
6067.3 0.93769
6068.0 0.92937
6068.6 0.93447
6069.2 0.9326099999999999
6069.8 0.93414
6070.4 0.93105
6071.0 0.93196
6071.599999999999 0.9295
6072.3 0.93144
6072.9 0.93078
6073.5 0.9304600000000001
6074.099999999999 0.93128
6074.700000000001 0.9296899999999999
6075.299999999999 0.93392
6075.900000000001 0.92904
6076.5 0.9305800000000001
6077.1 0.9270900000000001
6077.799999999999 0.92795
6078.400000000001 0.9247799999999999
6079.0 0.92634
6079.6 0.9314199999999999
6080.2 0.92303
6080.8 0.9277299999999999
6081.4 0.92673
6082.0 0.9255200000000001
6082.6 0.9271699999999999
6083.3 0.92669
6083.9 0.92814
6084.5 0.92585
6085.1 0.92448
6085.700000000001 0.9273600000000001
6086.3 0.9277
6086.900000000001 0.92565
6087.5 0.92232
6088.099999999999 0.9273699999999999
6088.7 0.9252800000000001
6089.299999999999 0.92624
6090.0 0.92486
6090.599999999999 0.92658
6091.2 0.92741
6091.799999999999 0.9273
6092.4 0.92491
6093.0 0.92479
6093.6 0.9266800000000001
6094.2 0.9238
6094.8 0.92437
6095.4 0.92607
6096.0 0.9218600000000001
6096.599999999999 0.92671
6097.200000000001 0.92483
6097.799999999999 0.9233499999999999
6098.5 0.92609
6099.099999999999 0.92326
6099.700000000001 0.92806
6100.299999999999 0.9242900000000001
6100.900000000001 0.9272499999999999
6101.5 0.92428
6102.1 0.92515
6102.7 0.92687
6103.3 0.92732
6103.9 0.9255599999999999
6104.5 0.92609
6105.1 0.92955
6105.700000000001 0.92703
6106.3 0.93001
6106.900000000001 0.92739
6107.5 0.92865
6108.099999999999 0.92875
6108.7 0.9281100000000001
6109.299999999999 0.9284399999999999
6109.9 0.93363
6110.5 0.92876
6111.1 0.93086
6111.7 0.9292
6112.3 0.93208
6112.9 0.9333199999999999
6113.5 0.93125
6114.099999999999 0.9307
6114.700000000001 0.93418
6115.299999999999 0.9343600000000001
6115.900000000001 0.9288200000000001
6116.599999999999 0.93351
6117.200000000001 0.93336
6117.799999999999 0.93285
6118.400000000001 0.9360599999999999
6119.0 0.93745
6119.6 0.93702
6120.2 0.9377800000000001
6120.8 0.93391
6121.4 0.93369
6122.0 0.93639
6122.6 0.93491
6123.099999999999 0.93482
6123.7 0.9353
6124.299999999999 0.93973
6124.9 0.93928
6125.5 0.93947
6126.1 0.9412
6126.7 0.9398099999999999
6127.3 0.943
6127.9 0.9443699999999999
6128.6 0.94326
6129.299999999999 0.9465300000000001
6129.9 0.94319
6130.599999999999 0.94757
6131.2 0.9460999999999999
6131.900000000001 0.94659
6132.6 0.94953
6133.200000000001 0.94767
6133.9 0.94946
6134.5 0.9481
6135.2 0.94839
6135.8 0.9507599999999999
6136.5 0.9507099999999999
6137.1 0.94879
6137.799999999999 0.95226
6138.5 0.95288
6139.099999999999 0.95068
6139.8 0.95187
6140.4 0.95565
6141.1 0.9523199999999999
6141.7 0.9544400000000001
6142.4 0.9543
6143.099999999999 0.95479
6143.7 0.95011
6144.400000000001 0.95037
6145.0 0.95384
6145.700000000001 0.95718
6146.3 0.95477
6147.0 0.95382
6147.6 0.95504
6148.3 0.9581399999999999
6149.0 0.95447
6149.6 0.9573999999999999
6150.299999999999 0.9589700000000001
6150.900000000001 0.9541
6151.599999999999 0.9545999999999999
6152.200000000001 0.95675
6152.9 0.96081
6153.5 0.9576399999999999
6154.2 0.95498
6154.8 0.95794
6155.5 0.95761
6156.2 0.96113
6156.799999999999 0.9618800000000001
6157.5 0.95839
6158.099999999999 0.9611799999999999
6158.8 0.9611
6159.400000000001 0.96097
6160.1 0.9600700000000001
6160.700000000001 0.95937
6161.4 0.96146
6162.0 0.95963
6162.7 0.9623999999999999
6163.3 0.9606699999999999
6164.0 0.96336
6164.6 0.9627
6165.299999999999 0.95797
6165.900000000001 0.96053
6166.599999999999 0.95867
6167.3 0.96187
6167.9 0.96271
6168.6 0.96356
6169.2 0.9616
6169.9 0.96311
6170.5 0.9623900000000001
6171.2 0.96312
6171.799999999999 0.96231
6172.5 0.9604
6173.099999999999 0.96282
6173.8 0.96186
6174.400000000001 0.96311
6175.1 0.96236
6175.700000000001 0.96172
6176.4 0.96485
6177.0 0.96492
6177.7 0.96296
6178.3 0.9620799999999999
6179.0 0.95985
6179.6 0.96462
6180.299999999999 0.96341
6180.900000000001 0.96317
6181.599999999999 0.9640900000000001
6182.200000000001 0.96258
6182.9 0.96363
6183.5 0.9575499999999999
6184.2 0.96309
6184.8 0.96088
6185.5 0.96013
6186.1 0.9614100000000001
6186.799999999999 0.9599500000000001
6187.4 0.96418
6188.099999999999 0.96152
6188.7 0.9599
6189.400000000001 0.96392
6190.0 0.95855
6190.700000000001 0.9612
6191.3 0.96309
6192.0 0.96185
6192.6 0.95902
6193.3 0.9573
6193.9 0.9588899999999999
6194.6 0.9566899999999999
6195.2 0.9586
6195.900000000001 0.95959
6196.5 0.9610599999999999
6197.200000000001 0.95746
6197.799999999999 0.9560200000000001
6198.5 0.9593600000000001
6199.099999999999 0.96017
6199.8 0.9593600000000001
6200.4 0.95896
6201.1 0.9575499999999999
6201.7 0.9588599999999999
6202.3 0.9541200000000001
6203.0 0.95759
6203.6 0.9575100000000001
6204.299999999999 0.95856
6204.9 0.95923
6205.599999999999 0.9564100000000001
6206.2 0.95501
6206.900000000001 0.95601
6207.5 0.9545999999999999
6208.200000000001 0.95229
6208.8 0.95298
6209.5 0.9521999999999999
6210.1 0.95678
6210.8 0.95789
6211.4 0.95571
6212.0 0.9504900000000001
6212.7 0.95709
6213.3 0.95088
6214.0 0.9515
6214.6 0.95176
6215.299999999999 0.95391
6215.900000000001 0.9503400000000001
6216.599999999999 0.95074
6217.200000000001 0.9477599999999999
6217.9 0.94697
6218.5 0.94896
6219.099999999999 0.94908
6219.8 0.9496800000000001
6220.4 0.95348
6221.1 0.94786
6221.7 0.94254
6222.4 0.9485899999999999
6223.0 0.93987
6223.7 0.94597
6224.299999999999 0.94538
6224.9 0.9438
6225.599999999999 0.9449599999999999
6226.2 0.9429099999999999
6226.900000000001 0.94441
6227.5 0.9460500000000001
6228.200000000001 0.941
6228.8 0.9424399999999999
6229.400000000001 0.9396
6230.1 0.9393
6230.700000000001 0.93998
6231.4 0.9356
6232.0 0.93982
6232.7 0.9334600000000001
6233.3 0.9353
6233.9 0.93598
6234.6 0.93851
6235.2 0.9378
6235.900000000001 0.9385800000000001
6236.5 0.93561
6237.200000000001 0.93525
6237.799999999999 0.93298
6238.400000000001 0.9317799999999999
6239.099999999999 0.92845
6239.700000000001 0.93255
6240.4 0.92672
6241.0 0.92865
6241.599999999999 0.93411
6242.3 0.93286
6242.9 0.9320900000000001
6243.6 0.92608
6244.2 0.92952
6244.9 0.9274
6245.5 0.92522
6246.1 0.92682
6246.799999999999 0.92357
6247.4 0.92686
6248.099999999999 0.92479
6248.7 0.9235
6249.299999999999 0.9221299999999999
6250.0 0.9211
6250.599999999999 0.9208
6251.3 0.9188500000000001
6251.900000000001 0.9212
6252.5 0.92405
6253.200000000001 0.92211
6253.8 0.91857
6254.5 0.91621
6255.1 0.91472
6255.700000000001 0.91645
6256.4 0.9142100000000001
6257.0 0.91471
6257.6 0.91484
6258.3 0.9148499999999999
6258.9 0.91203
6259.6 0.9117400000000001
6260.2 0.91228
6260.8 0.91281
6261.5 0.91361
6262.1 0.91032
6262.7 0.90931
6263.400000000001 0.912
6264.0 0.9074599999999999
6264.700000000001 0.90901
6265.299999999999 0.9081100000000001
6265.900000000001 0.9035299999999999
6266.599999999999 0.90535
6267.200000000001 0.90601
6267.799999999999 0.9037000000000001
6268.5 0.9050199999999999
6269.099999999999 0.904
6269.8 0.9007599999999999
6270.4 0.9058499999999999
6271.0 0.90156
6271.7 0.9084399999999999
6272.3 0.90681
6272.9 0.90342
6273.6 0.9007999999999999
6274.2 0.89842
6274.8 0.90172
6275.5 0.90337
6276.1 0.89998
6276.799999999999 0.9018
6277.4 0.9027
6278.0 0.89898
6278.7 0.89859
6279.299999999999 0.90069
6279.9 0.89873
6280.599999999999 0.89436
6281.2 0.9006399999999999
6281.799999999999 0.89976
6282.5 0.8967100000000001
6283.099999999999 0.89691
6283.7 0.9003700000000001
6284.400000000001 0.89518
6285.0 0.8972100000000001
6285.599999999999 0.8990900000000001
6286.3 0.9002899999999999
6286.900000000001 0.8970600000000001
6287.5 0.8983599999999999
6288.200000000001 0.89744
6288.8 0.8961
6289.400000000001 0.89435
6290.1 0.89831
6290.700000000001 0.8943300000000001
6291.3 0.89632
6292.0 0.8957299999999999
6292.6 0.8976999999999999
6293.200000000001 0.8959900000000001
6293.9 0.89849
6294.5 0.89601
6295.1 0.89456
6295.8 0.8963800000000001
6296.4 0.89615
6297.0 0.89822
6297.7 0.89735
6298.3 0.89693
6298.9 0.89709
6299.6 0.8970699999999999
6300.2 0.89759
6300.8 0.89717
6301.4 0.8967
6302.1 0.89598
6302.7 0.8969199999999999
6303.3 0.90038
6304.0 0.8996599999999999
6304.6 0.8967400000000001
6305.2 0.89873
6305.900000000001 0.89847
6306.5 0.89587
6307.1 0.8989499999999999
6307.7 0.8995799999999999
6308.400000000001 0.89932
6309.0 0.8982800000000001
6309.6 0.90228
6310.299999999999 0.9013500000000001
6310.900000000001 0.90169
6311.5 0.90373
6312.200000000001 0.9051699999999999
6312.799999999999 0.9006000000000001
6313.400000000001 0.90251
6314.0 0.90238
6314.700000000001 0.9023300000000001
6315.299999999999 0.90137
6315.900000000001 0.9035
6316.599999999999 0.90392
6317.200000000001 0.90781
6317.799999999999 0.9043399999999999
6318.400000000001 0.90309
6319.099999999999 0.9080400000000001
6319.700000000001 0.90794
6320.299999999999 0.9061499999999999
6320.900000000001 0.90422
6321.599999999999 0.90782
6322.200000000001 0.90718
6322.799999999999 0.9084699999999999
6323.5 0.9093300000000001
6324.099999999999 0.9092199999999999
6324.700000000001 0.90878
6325.299999999999 0.90706
6326.0 0.91072
6326.599999999999 0.9102
6327.200000000001 0.91081
6327.799999999999 0.9097799999999999
6328.5 0.91252
6329.099999999999 0.91482
6329.700000000001 0.91375
6330.299999999999 0.91269
6331.0 0.91539
6331.599999999999 0.9167700000000001
6332.200000000001 0.91899
6332.799999999999 0.9189499999999999
6333.5 0.9187000000000001
6334.099999999999 0.92027
6334.700000000001 0.91679
6335.299999999999 0.9211400000000001
6336.0 0.91861
6336.599999999999 0.92092
6337.200000000001 0.92038
6337.799999999999 0.92132
6338.5 0.92184
6339.099999999999 0.92375
6339.700000000001 0.92388
6340.299999999999 0.92786
6341.0 0.9199299999999999
6341.599999999999 0.92672
6342.200000000001 0.92496
6342.799999999999 0.92824
6343.5 0.92352
6344.099999999999 0.9251600000000001
6344.700000000001 0.92561
6345.299999999999 0.9256300000000001
6346.0 0.9260299999999999
6346.599999999999 0.9264600000000001
6347.200000000001 0.92757
6347.799999999999 0.92991
6348.400000000001 0.9333400000000001
6349.099999999999 0.93395
6349.700000000001 0.93145
6350.299999999999 0.93269
6350.900000000001 0.9308
6351.5 0.93235
6352.200000000001 0.94934
6352.799999999999 0.9315399999999999
6353.400000000001 0.93356
6354.0 0.935
6354.700000000001 0.9349299999999999
6355.299999999999 0.93597
6355.900000000001 0.93183
6356.5 0.9343300000000001
6357.1 0.93239
6357.799999999999 0.93396
6358.400000000001 0.9368899999999999
6359.0 0.9348000000000001
6359.6 0.9396899999999999
6360.2 0.93368
6360.900000000001 0.93982
6361.5 0.94081
6362.1 0.9401999999999999
6362.7 0.9382299999999999
6363.3 0.9399
6364.0 0.9400799999999999
6364.6 0.9411499999999999
6365.2 0.9397199999999999
6365.8 0.93674
6366.4 0.94337
6367.1 0.94243
6367.7 0.9411799999999999
6368.3 0.94431
6368.9 0.94132
6369.5 0.94499
6370.1 0.9423900000000001
6370.8 0.94498
6371.4 0.9466899999999999
6372.0 0.94453
6372.6 0.94448
6373.200000000001 0.9461799999999999
6373.8 0.9475
6374.5 0.9435899999999999
6375.1 0.94339
6375.700000000001 0.94538
6376.3 0.94266
6376.900000000001 0.9464400000000001
6377.5 0.9462900000000001
6378.200000000001 0.94708
6378.8 0.9466800000000001
6379.400000000001 0.94479
6380.0 0.94918
6380.599999999999 0.9470999999999999
6381.2 0.94586
6381.900000000001 0.94441
6382.5 0.9466100000000001
6383.099999999999 0.94744
6383.7 0.94723
6384.299999999999 0.94882
6384.9 0.94939
6385.5 0.9444400000000001
6386.2 0.94746
6386.799999999999 0.94601
6387.4 0.94666
6388.0 0.9488800000000001
6388.6 0.94842
6389.2 0.94621
6389.8 0.9491200000000001
6390.700000000001 0.94986
6391.4 0.9503499999999999
6392.0 0.9467300000000001
6392.6 0.94459
6393.3 0.94694
6393.9 0.95139
6394.5 0.9507599999999999
6395.2 0.9445399999999999
6395.8 0.9492400000000001
6396.4 0.9498300000000001
6397.1 0.9489700000000001
6397.7 0.94883
6398.3 0.9462999999999999
6399.0 0.94989
6399.6 0.9506
6400.2 0.94881
6400.900000000001 0.95036
6401.5 0.94503
6402.1 0.9496899999999999
6402.799999999999 0.95137
6403.400000000001 0.9458
6404.0 0.94509
6404.700000000001 0.94877
6405.299999999999 0.9434999999999999
6405.900000000001 0.94829
6406.5 0.94627
6407.200000000001 0.94538
6407.799999999999 0.9494
6408.400000000001 0.94542
6409.099999999999 0.94616
6409.700000000001 0.9442499999999999
6410.299999999999 0.94686
6411.0 0.9470000000000001
6411.599999999999 0.9473
6412.200000000001 0.9492100000000001
6412.9 0.95028
6413.5 0.94857
6414.099999999999 0.9475
6414.700000000001 0.94903
6415.4 0.94556
6416.0 0.94542
6416.599999999999 0.9471599999999999
6417.3 0.9457599999999999
6417.9 0.9472700000000001
6418.5 0.94514
6419.099999999999 0.94699
6419.8 0.9476
6420.4 0.9473999999999999
6421.0 0.94611
6421.7 0.94735
6422.3 0.9489
6422.9 0.9486199999999999
6423.5 0.9472400000000001
6424.2 0.9520000000000001
6424.8 0.94524
6425.4 0.94867
6426.1 0.9448399999999999
6426.7 0.94817
6427.3 0.94423
6427.9 0.9505899999999999
6428.6 0.9491200000000001
6429.2 0.94705
6429.8 0.9491299999999999
6430.4 0.9472400000000001
6431.1 0.94768
6431.7 0.94768
6432.3 0.9499599999999999
6433.0 0.9468099999999999
6433.6 0.9453900000000001
6434.2 0.95042
6434.8 0.9488800000000001
6435.5 0.94744
6436.1 0.9503400000000001
6436.7 0.94746
6437.3 0.95057
6438.0 0.95038
6438.6 0.94745
6439.2 0.94918
6439.8 0.95148
6440.5 0.9539799999999999
6441.1 0.94964
6441.7 0.95097
6442.3 0.9488800000000001
6443.0 0.94825
6443.6 0.9492499999999999
6444.2 0.9514900000000001
6444.8 0.94844
6445.5 0.94851
6446.1 0.95222
