05_Contrib/TimeDomain/PhotoReverberationMappingAGN/ZTF_data/ZTF_filters/ztf-r.ecsv
# %ECSV 1.0
# ---
# datatype:
# - {name: wavelength, unit: Angstrom, datatype: float64}
# - {name: response, datatype: float64}
# meta:
#   __serialized_columns__:
#     wavelength:
#       __class__: astropy.units.quantity.Quantity
#       unit: !astropy.units.Unit {unit: Angstrom}
#       value: !astropy.table.SerializedColumn {name: wavelength}
#   band_name: r
#   group_name: ztf
# schema: astropy-2.0
wavelength response
[from data line 2182]
6869.400000000001 0.96299
6870.0 0.96038
6870.599999999999 0.96119
6871.2 0.9595999999999999
6871.799999999999 0.9599899999999999
6872.4 0.9616899999999999
6872.9 0.9621299999999999
6873.5 0.96123
6874.099999999999 0.9632200000000001
6874.700000000001 0.9632999999999999
6875.299999999999 0.9644799999999999
6875.900000000001 0.96084
6876.4 0.96437
6877.0 0.96315
6877.6 0.96312
6878.200000000001 0.9606399999999999
6878.8 0.96354
6879.400000000001 0.9675100000000001
6879.9 0.9644499999999999
6880.5 0.95871
6881.1 0.9620799999999999
6881.7 0.96431
6882.3 0.961
6882.9 0.96585
6883.400000000001 0.9656100000000001
6884.0 0.96057
6884.6 0.96327
6885.2 0.96316
6885.8 0.9651900000000001
6886.4 0.96403
6886.900000000001 0.96417
6887.5 0.96454
6888.099999999999 0.96311
6888.7 0.9621500000000001
6889.299999999999 0.96479
6889.8 0.96358
6890.4 0.96636
6891.0 0.9656
6891.599999999999 0.96257
6892.200000000001 0.9615
6892.799999999999 0.96439
6893.3 0.96521
6893.9 0.96648
6894.5 0.9613200000000001
6895.1 0.96352
6895.700000000001 0.96845
6896.2 0.9614
6896.799999999999 0.96552
6897.4 0.96348
6898.0 0.96501
6898.6 0.96485
6899.099999999999 0.9662000000000001
6899.700000000001 0.96407
6900.299999999999 0.96467
6900.900000000001 0.9693600000000001
6901.4 0.9667
6902.0 0.9645600000000001
6902.6 0.9645699999999999
6903.200000000001 0.97089
6903.8 0.96309
6904.299999999999 0.9662999999999999
6904.9 0.96447
6905.5 0.96675
6906.1 0.96391
6906.7 0.9638
6907.200000000001 0.96729
6907.799999999999 0.9676699999999999
6908.400000000001 0.96714
6909.0 0.96938
6909.5 0.9643600000000001
6910.1 0.96639
6910.700000000001 0.96699
6911.3 0.96833
6911.900000000001 0.96714
6912.4 0.96685
6913.0 0.96759
6913.6 0.96551
6914.2 0.96616
6914.700000000001 0.96719
6915.299999999999 0.96714
6915.900000000001 0.9642700000000001
6916.5 0.9669599999999999
6917.0 0.96559
6917.6 0.9611799999999999
6918.200000000001 0.96848
6918.8 0.96638
6919.299999999999 0.9675
6919.9 0.96625
6920.5 0.97056
6921.1 0.96921
6921.599999999999 0.96929
6922.200000000001 0.9672799999999999
6922.799999999999 0.96698
6923.400000000001 0.97272
6923.9 0.9658199999999999
6924.5 0.96711
6925.1 0.9682999999999999
6925.700000000001 0.9675400000000001
6926.2 0.97013
6926.799999999999 0.9665600000000001
6927.4 0.96613
6928.0 0.9662099999999999
6928.5 0.96393
6929.099999999999 0.96638
6929.700000000001 0.9661700000000001
6930.299999999999 0.9662999999999999
6930.8 0.96695
6931.4 0.96863
6932.0 0.96899
6932.6 0.9670300000000001
6933.099999999999 0.96737
6933.7 0.9640900000000001
6934.299999999999 0.9687699999999999
6934.8 0.96474
6935.4 0.96925
6936.0 0.97085
6936.599999999999 0.9683499999999999
6937.1 0.9664100000000001
6937.7 0.9669199999999999
6938.3 0.96836
6938.9 0.96748
6939.400000000001 0.96288
6940.0 0.96967
6940.599999999999 0.96819
6941.1 0.96737
6941.7 0.9648399999999999
6942.3 0.96733
6942.9 0.96902
6943.400000000001 0.9641
6944.0 0.96466
6944.6 0.9667
6945.1 0.9626699999999999
6945.700000000001 0.9651099999999999
6946.3 0.9656699999999999
6946.799999999999 0.9656399999999999
6947.4 0.9671299999999999
6948.0 0.9659099999999999
6948.6 0.96608
6949.099999999999 0.96726
6949.700000000001 0.97075
6950.299999999999 0.96624
6950.8 0.96738
6951.4 0.96828
6952.0 0.96748
6952.5 0.96771
6953.099999999999 0.96411
6953.7 0.96702
6954.299999999999 0.9670000000000001
6954.8 0.9658
6955.4 0.9638599999999999
6956.0 0.9619199999999999
6956.5 0.9658599999999999
6957.1 0.96939
6957.7 0.9703
6958.200000000001 0.96643
6958.8 0.96794
6959.400000000001 0.96949
6959.9 0.96525
6960.5 0.96494
6961.1 0.96613
6961.599999999999 0.9665300000000001
6962.200000000001 0.96674
6962.799999999999 0.9645900000000001
6963.3 0.9640099999999999
6963.9 0.96687
6964.5 0.96643
6965.0 0.97045
6965.599999999999 0.96694
6966.2 0.9677899999999999
6966.7 0.96485
6967.3 0.96884
6967.9 0.96695
6968.400000000001 0.96883
6969.0 0.9630200000000001
6969.6 0.96732
6970.1 0.96382
6970.700000000001 0.9638599999999999
6971.3 0.96744
6971.799999999999 0.96584
6972.4 0.9663299999999999
6973.0 0.96686
6973.5 0.97077
6974.099999999999 0.96235
6974.6 0.9672700000000001
6975.2 0.96681
6975.8 0.96536
6976.3 0.96481
6976.900000000001 0.9653700000000001
6977.5 0.9610299999999999
6978.0 0.9647
6978.6 0.96514
6979.2 0.9649500000000001
6979.700000000001 0.9645199999999999
6980.299999999999 0.96856
6980.8 0.9664100000000001
6981.4 0.9664100000000001
6982.0 0.9652200000000001
6982.5 0.96654
6983.099999999999 0.96628
6983.7 0.96577
6984.2 0.96443
6984.8 0.9655800000000001
6985.299999999999 0.9631000000000001
6985.900000000001 0.96449
6986.5 0.96417
6987.0 0.96726
6987.6 0.9659
6988.200000000001 0.96623
6988.7 0.9659
6989.299999999999 0.96769
6989.8 0.96707
6990.4 0.9653
6991.0 0.9659099999999999
6991.5 0.9672700000000001
6992.1 0.9664499999999999
6992.6 0.9665
6993.200000000001 0.96642
6993.8 0.96466
6994.299999999999 0.96665
6994.9 0.96235
6995.4 0.96697
6996.0 0.96473
6996.599999999999 0.96611
6997.1 0.9626
6997.7 0.9678100000000001
6998.200000000001 0.96343
6998.8 0.9633700000000001
6999.400000000001 0.96637
6999.9 0.968
7000.5 0.96481
7001.0 0.9665600000000001
7001.599999999999 0.96319
7002.200000000001 0.9634
7002.7 0.9629300000000001
7003.3 0.966
7003.8 0.968
7004.400000000001 0.9632
7004.9 0.96509
7005.5 0.96628
7006.1 0.96831
7006.599999999999 0.96191
7007.200000000001 0.96595
7007.7 0.96177
7008.3 0.96247
7008.8 0.9620000000000001
7009.400000000001 0.96394
7010.0 0.96654
7010.5 0.96166
7011.1 0.96428
7011.599999999999 0.96695
7012.200000000001 0.9616800000000001
7012.7 0.96516
7013.3 0.96514
7013.8 0.96327
7014.400000000001 0.96321
7015.0 0.9619
7015.5 0.96383
7016.1 0.9588800000000001
7016.599999999999 0.96429
7017.200000000001 0.96044
7017.7 0.96428
7018.3 0.9636199999999999
7018.8 0.9632200000000001
7019.400000000001 0.9648399999999999
7019.9 0.96316
7020.5 0.96422
7021.1 0.96433
7021.599999999999 0.96261
7022.200000000001 0.9632599999999999
7022.7 0.9615699999999999
7023.3 0.9618099999999999
7023.8 0.9630299999999999
7024.400000000001 0.9657899999999999
7024.9 0.9634
7025.5 0.96541
7026.0 0.96613
7026.599999999999 0.96021
7027.1 0.9656100000000001
7027.7 0.9619
7028.200000000001 0.96346
7028.8 0.9625
7029.400000000001 0.96597
7029.9 0.96199
7030.5 0.96548
7031.0 0.9618800000000001
7031.599999999999 0.96242
7032.1 0.96324
7032.7 0.9650799999999999
7033.200000000001 0.96104
7033.8 0.96343
7034.299999999999 0.9626399999999999
7034.9 0.96514
7035.4 0.9601900000000001
7036.0 0.9660599999999999
7036.5 0.9629300000000001
7037.1 0.96317
7037.6 0.96493
7038.200000000001 0.9598
7038.7 0.96489
7039.299999999999 0.96021
7039.8 0.9658199999999999
7040.4 0.96301
7040.900000000001 0.9625199999999999
7041.5 0.96312
7042.0 0.96308
7042.6 0.9643
7043.099999999999 0.96256
7043.7 0.9644499999999999
7044.2 0.96276
7044.8 0.96222
7045.299999999999 0.96327
7045.900000000001 0.96623
7046.4 0.9626300000000001
7046.900000000001 0.96482
7047.5 0.9660500000000001
7048.0 0.9643600000000001
7048.6 0.9632299999999999
7049.099999999999 0.96085
7049.700000000001 0.9608199999999999
7050.2 0.96488
7050.8 0.96149
7051.3 0.9658599999999999
7051.900000000001 0.96327
7052.4 0.96197
7053.0 0.9646899999999999
7053.5 0.96152
7054.099999999999 0.9655400000000001
7054.6 0.96222
7055.1 0.9667
7055.700000000001 0.96297
7056.2 0.96623
7056.799999999999 0.96477
7057.3 0.96601
7057.9 0.96214
7058.400000000001 0.96339
7059.0 0.96451
7059.5 0.9645900000000001
7060.1 0.96615
7060.599999999999 0.9671500000000001
7061.1 0.96584
7061.7 0.9642499999999999
7062.200000000001 0.96647
7062.799999999999 0.96649
7063.3 0.96569
7063.9 0.9638100000000001
7064.400000000001 0.96718
7064.9 0.9637600000000001
7065.5 0.9606
7066.0 0.96991
7066.599999999999 0.9673999999999999
7067.1 0.96426
7067.7 0.9665900000000001
7068.200000000001 0.9648699999999999
7068.7 0.96776
7069.299999999999 0.96515
7069.8 0.96615
7070.4 0.96529
7070.900000000001 0.96538
7071.5 0.9634699999999999
7072.0 0.9642700000000001
7072.5 0.9638599999999999
7073.099999999999 0.96792
7073.6 0.96299
7074.2 0.97119
7074.700000000001 0.96587
7075.2 0.9661
7075.8 0.96655
7076.3 0.96501
7076.900000000001 0.9629000000000001
7077.4 0.96732
7077.9 0.96648
7078.5 0.9663299999999999
7079.0 0.9649
7079.6 0.9691
7080.1 0.96614
7080.599999999999 0.96446
7081.2 0.96585
7081.7 0.9627
7082.3 0.9660500000000001
7082.799999999999 0.9651000000000001
7083.3 0.9660599999999999
7083.9 0.9669599999999999
7084.400000000001 0.9627500000000001
7085.0 0.96493
7085.5 0.96698
7086.0 0.96773
7086.599999999999 0.96313
7087.1 0.9626399999999999
7087.6 0.96614
7088.200000000001 0.96604
7088.7 0.96351
7089.299999999999 0.96761
7089.8 0.9613200000000001
7090.299999999999 0.96173
7090.900000000001 0.9592
7091.4 0.95962
7091.900000000001 0.96229
7092.5 0.96069
7093.0 0.95947
7093.5 0.95682
7094.099999999999 0.96149
7094.6 0.95808
7095.2 0.95794
7095.700000000001 0.95883
7096.2 0.95824
7096.799999999999 0.95672
7097.3 0.95439
7097.799999999999 0.9573999999999999
7098.400000000001 0.96018
7098.9 0.95646
7099.400000000001 0.95441
7100.0 0.9546899999999999
7100.5 0.95718
7101.0 0.9514400000000001
7101.599999999999 0.95599
7102.1 0.9499599999999999
7102.6 0.95099
7103.200000000001 0.95317
7103.7 0.95258
7104.2 0.9506100000000001
7104.8 0.9470399999999999
7105.299999999999 0.94697
7105.8 0.9434600000000001
7106.4 0.94868
7106.900000000001 0.9458
7107.4 0.94266
7108.0 0.9418500000000001
7108.5 0.94155
7109.0 0.9422799999999999
7109.6 0.93672
7110.1 0.93965
7110.599999999999 0.9389400000000001
7111.1 0.93731
7111.7 0.93586
7112.200000000001 0.9361
7112.7 0.93651
7113.3 0.93255
7113.8 0.9333199999999999
7114.299999999999 0.93105
7114.9 0.9303400000000001
7115.4 0.92651
7115.900000000001 0.92814
7116.5 0.92376
7117.0 0.92581
7117.5 0.92368
7118.0 0.9224800000000001
7118.6 0.9225
7119.099999999999 0.92132
7119.6 0.91886
7120.2 0.91842
7120.700000000001 0.9129200000000001
7121.2 0.9157899999999999
7121.7 0.91242
7122.3 0.91062
7122.799999999999 0.90657
7123.3 0.90877
7123.9 0.9096899999999999
7124.400000000001 0.90499
7124.9 0.9036
7125.4 0.9058799999999999
7126.0 0.90354
7126.5 0.89976
7127.0 0.90091
7127.5 0.89925
7128.099999999999 0.89822
7128.6 0.89658
7129.099999999999 0.8933
7129.6 0.89324
7130.2 0.89303
7130.700000000001 0.89069
7131.2 0.8868300000000001
7131.7 0.88488
7132.3 0.8873099999999999
7132.799999999999 0.88388
7133.3 0.8825
7133.8 0.88074
7134.400000000001 0.87424
7134.9 0.87715
7135.4 0.87657
7135.900000000001 0.87253
7136.5 0.8719199999999999
7137.0 0.8698699999999999
7137.5 0.8685200000000001
7138.0 0.86554
7138.6 0.8671
7139.099999999999 0.8649800000000001
7139.6 0.8627400000000001
7140.1 0.8631399999999999
7140.700000000001 0.8605800000000001
7141.2 0.8572799999999999
7141.7 0.85693
7142.200000000001 0.8552
7142.7 0.85406
7143.3 0.8563200000000001
7143.8 0.84955
7144.299999999999 0.85174
7144.8 0.8480800000000001
7145.4 0.84423
7145.900000000001 0.84313
7146.4 0.84408
7146.900000000001 0.8436499999999999
7147.4 0.83772
7148.0 0.83607
7148.5 0.8384
7149.0 0.83383
7149.5 0.83354
7150.0 0.83148
7150.599999999999 0.83244
7151.1 0.82955
7151.599999999999 0.82624
7152.1 0.82533
7152.6 0.82441
7153.200000000001 0.8211499999999999
7153.7 0.8211400000000001
7154.2 0.8185899999999999
7154.700000000001 0.8165
7155.2 0.81774
7155.8 0.81529
7156.3 0.81294
7156.799999999999 0.81596
7157.3 0.81253
7157.799999999999 0.8080200000000001
7158.3 0.8090600000000001
7158.9 0.80475
7159.400000000001 0.80542
7159.9 0.8078799999999999
7160.4 0.8053199999999999
7160.900000000001 0.80472
7161.4 0.8029999999999999
7162.0 0.80334
7162.5 0.79878
7163.0 0.7954000000000001
7163.5 0.79448
7164.0 0.79549
7164.5 0.79464
7165.1 0.79244
7165.599999999999 0.7897799999999999
7166.1 0.7910699999999999
7166.599999999999 0.78983
7167.1 0.78495
7167.6 0.7889
7168.200000000001 0.7856000000000001
7168.7 0.78228
7169.2 0.78066
7169.700000000001 0.7799299999999999
7170.2 0.77801
7170.700000000001 0.77661
7171.2 0.77724
7171.7 0.77795
7172.3 0.7755500000000001
7172.799999999999 0.77507
7173.3 0.77453
7173.8 0.7686
7174.299999999999 0.76642
7174.8 0.7670999999999999
7175.299999999999 0.76485
7175.900000000001 0.76036
7176.4 0.76345
7176.900000000001 0.7613599999999999
7177.4 0.75878
7177.9 0.75741
7178.400000000001 0.75426
7178.9 0.75548
7179.400000000001 0.7526600000000001
7179.9 0.7528900000000001
7180.5 0.7497
7181.0 0.74532
7181.5 0.74602
7182.0 0.74454
7182.5 0.74125
7183.0 0.7397400000000001
7183.5 0.73961
7184.0 0.73571
7184.5 0.73009
7185.0 0.73542
7185.599999999999 0.7287699999999999
7186.1 0.7260500000000001
7186.599999999999 0.72336
7187.1 0.7218899999999999
7187.6 0.71856
7188.099999999999 0.71587
7188.6 0.7142700000000001
7189.099999999999 0.7111
7189.6 0.70882
7190.1 0.70482
7190.599999999999 0.7040900000000001
7191.2 0.70013
7191.7 0.69589
7192.200000000001 0.6937000000000001
7192.7 0.6918300000000001
7193.200000000001 0.68732
7193.7 0.68381
7194.2 0.67687
7194.700000000001 0.6738299999999999
7195.2 0.67051
7195.700000000001 0.6662
7196.2 0.6638200000000001
7196.7 0.65924
7197.200000000001 0.65557
7197.7 0.65061
7198.200000000001 0.6453700000000001
7198.7 0.64161
7199.299999999999 0.6366499999999999
7199.8 0.63637
7200.299999999999 0.62947
7200.8 0.6227900000000001
7201.3 0.61671
7201.799999999999 0.6138
7202.3 0.6070300000000001
7202.799999999999 0.60049
7203.3 0.5985199999999999
7203.8 0.5914699999999999
7204.299999999999 0.58728
7204.8 0.57861
7205.299999999999 0.57553
7205.8 0.57085
7206.3 0.56423
7206.799999999999 0.55837
7207.3 0.55125
7207.799999999999 0.5452400000000001
7208.3 0.5400699999999999
7208.8 0.535
7209.299999999999 0.52707
7209.8 0.52159
7210.299999999999 0.51474
7210.8 0.50822
7211.3 0.5004500000000001
7211.799999999999 0.4953
7212.3 0.48872
7212.799999999999 0.48341999999999996
7213.3 0.47586
7213.8 0.47101
7214.299999999999 0.46348
7214.8 0.45642000000000005
7215.299999999999 0.45261
7215.8 0.44283
7216.3 0.43622
7216.799999999999 0.42933
7217.3 0.42263
7217.799999999999 0.41723999999999994
7218.3 0.41129
7218.8 0.40259999999999996
7219.299999999999 0.39698999999999995
7219.8 0.38937
7220.299999999999 0.38597000000000004
7220.8 0.37631
7221.3 0.37107999999999997
7221.799999999999 0.36695999999999995
7222.3 0.35942
7222.799999999999 0.35142
7223.3 0.3483
7223.8 0.34237
7224.299999999999 0.33604
7224.8 0.32825000000000004
7225.299999999999 0.32209000000000004
7225.8 0.3164
7226.3 0.3126
7226.799999999999 0.30623
7227.3 0.2989
7227.799999999999 0.29427
7228.3 0.28832
7228.8 0.28281
7229.299999999999 0.27764
7229.8 0.27277
7230.299999999999 0.26708
7230.700000000001 0.26088
7231.2 0.25623999999999997
7231.7 0.25091
7232.200000000001 0.24498999999999999
7232.7 0.24102
7233.200000000001 0.23613
7233.7 0.23273
7234.2 0.22731
7234.700000000001 0.22361999999999999
7235.2 0.2187
7235.700000000001 0.21370999999999998
7236.2 0.20919000000000001
7236.7 0.20594
7237.200000000001 0.20085999999999998
7237.7 0.19623000000000002
7238.099999999999 0.19224
7238.6 0.19013000000000002
7239.099999999999 0.18462
7239.6 0.18139
7240.1 0.17767
7240.599999999999 0.17434000000000002
7241.1 0.16978000000000001
7241.599999999999 0.16742
7242.1 0.16348
7242.6 0.15933999999999998
7243.099999999999 0.15496000000000001
7243.6 0.15288000000000002
7244.0 0.14905
7244.5 0.14658
7245.0 0.14332
7245.5 0.1396
7246.0 0.13837
7246.5 0.13403
7247.0 0.13185
7247.5 0.12933
7248.0 0.12627
7248.400000000001 0.12259
7248.9 0.12061
7249.400000000001 0.11874000000000001
7249.9 0.11553000000000001
7250.4 0.11392
7250.900000000001 0.11099
7251.4 0.10894
7251.900000000001 0.10789
7252.4 0.10447
7252.799999999999 0.10293
7253.3 0.10048
7253.8 0.09808
7254.299999999999 0.09675
7254.8 0.09444000000000001
7255.299999999999 0.09236000000000001
7255.8 0.09058
7256.2 0.08979
7256.7 0.0867
7257.200000000001 0.08456
7257.7 0.08306
7258.200000000001 0.08141999999999999
7258.7 0.08013999999999999
7259.2 0.07805
7259.6 0.0771
7260.1 0.0759
7260.599999999999 0.07397999999999999
7261.1 0.07186
