05_Contrib/TimeDomain/PhotoReverberationMappingAGN/ZTF_data/ZTF_filters/ztf-r.ecsv
# %ECSV 1.0
# ---
# datatype:
# - {name: wavelength, unit: Angstrom, datatype: float64}
# - {name: response, datatype: float64}
# meta:
#   __serialized_columns__:
#     wavelength:
#       __class__: astropy.units.quantity.Quantity
#       unit: !astropy.units.Unit {unit: Angstrom}
#       value: !astropy.table.SerializedColumn {name: wavelength}
#   band_name: r
#   group_name: ztf
# schema: astropy-2.0
wavelength response
[from data line 2911]
7262.1 0.06899
7262.5 0.06758
7263.0 0.06689
7263.5 0.06501
7264.0 0.06356
7264.5 0.06232
7265.0 0.06174
7265.4 0.060039999999999996
7265.900000000001 0.05942
7266.4 0.05776
7266.900000000001 0.05686
7267.4 0.055540000000000006
7267.9 0.05409
7268.3 0.05309
7268.8 0.05226
7269.299999999999 0.05159
7269.8 0.050780000000000006
7270.299999999999 0.04999
7270.700000000001 0.0484
7271.2 0.04742
7271.7 0.04677
7272.200000000001 0.0463
7272.7 0.04521
7273.099999999999 0.04412
7273.6 0.043179999999999996
7274.099999999999 0.04197
7274.6 0.04173
7275.1 0.041319999999999996
7275.5 0.04003
7276.0 0.03964
7276.5 0.03841
7277.0 0.0382
7277.5 0.03763
7277.9 0.03628
7278.400000000001 0.03636
7278.9 0.03521
7279.400000000001 0.035
7279.8 0.034089999999999995
7280.299999999999 0.033769999999999994
7280.8 0.03299
7281.3 0.03238
7281.799999999999 0.03144
7282.200000000001 0.031120000000000002
7282.7 0.03048
7283.200000000001 0.030459999999999997
7283.7 0.02989
7284.099999999999 0.02932
7284.6 0.028450000000000003
7285.1 0.02811
7285.599999999999 0.02775
7286.0 0.02726
7286.5 0.026600000000000002
7287.0 0.026690000000000002
7287.5 0.02587
7287.9 0.025179999999999998
7288.400000000001 0.024980000000000002
7288.9 0.02426
7289.400000000001 0.02368
7289.8 0.023639999999999998
7290.299999999999 0.02351
7290.8 0.022959999999999998
7291.3 0.022250000000000002
7291.7 0.02221
7292.200000000001 0.02167
7292.7 0.0213
7293.200000000001 0.02108
7293.6 0.02035
7294.099999999999 0.020739999999999998
7294.6 0.01966
7295.0 0.01966
7295.5 0.019870000000000002
7296.0 0.01849
7296.5 0.01854
7296.900000000001 0.01825
7297.4 0.018000000000000002
7297.9 0.01774
7298.3 0.01748
7298.8 0.01734
7299.299999999999 0.01693
7299.700000000001 0.01664
7300.2 0.01636
7300.700000000001 0.016220000000000002
7301.2 0.01584
7301.599999999999 0.01555
7302.1 0.01554
7302.6 0.015269999999999999
7303.0 0.01542
7303.5 0.01518
7304.0 0.014530000000000001
7304.400000000001 0.01424
7304.9 0.01369
7305.4 0.013580000000000002
7305.8 0.01353
7306.3 0.013340000000000001
7306.799999999999 0.013600000000000001
7307.200000000001 0.01324
7307.7 0.01283
7308.200000000001 0.01254
7308.6 0.012549999999999999
7309.099999999999 0.012430000000000002
7309.6 0.012159999999999999
7310.0 0.01209
7310.5 0.011970000000000001
7311.0 0.01161
7311.4 0.0116
7311.900000000001 0.01119
7312.4 0.011080000000000001
7312.799999999999 0.01097
7313.3 0.0108
7313.8 0.01034
7314.2 0.01054
7314.700000000001 0.010249999999999999
7315.2 0.01034
7315.599999999999 0.00995
7316.1 0.010169999999999998
7316.599999999999 0.00982
7317.0 0.00942
7317.5 0.00951
7317.9 0.009260000000000001
7318.400000000001 0.00922
7318.9 0.009000000000000001
7319.299999999999 0.00891
7319.8 0.009000000000000001
7320.299999999999 0.0089
7320.700000000001 0.008409999999999999
7321.2 0.00864
7321.599999999999 0.00828
7322.1 0.00812
7322.6 0.00821
7323.0 0.00812
7323.5 0.0076
7324.0 0.00797
7324.400000000001 0.00747
7324.9 0.0076300000000000005
7325.299999999999 0.00753
7325.8 0.00773
7326.3 0.00743
7326.7 0.00711
7327.200000000001 0.00707
7327.6 0.006840000000000001
7328.099999999999 0.00676
7328.5 0.00681
7329.0 0.00711
7329.5 0.00661
7329.9 0.006670000000000001
7330.4 0.00639
7330.8 0.00666
7331.3 0.00622
7331.799999999999 0.00607
7332.200000000001 0.00611
7332.7 0.00603
7333.099999999999 0.005849999999999999
7333.6 0.00586
7334.0 0.00569
7334.5 0.00592
7335.0 0.0057399999999999994
7335.4 0.005639999999999999
7335.900000000001 0.00551
7336.3 0.0053300000000000005
7336.799999999999 0.00545
7337.200000000001 0.0054600000000000004
7337.7 0.00519
7338.099999999999 0.005
7338.6 0.00506
7339.099999999999 0.0052
7339.5 0.0049
7340.0 0.00489
7340.4 0.00483
7340.900000000001 0.00469
7341.3 0.0046300000000000004
7341.799999999999 0.00492
7342.200000000001 0.00457
7342.7 0.00462
7343.099999999999 0.00445
7343.6 0.0043
7344.0 0.00451
7344.5 0.00457
7345.0 0.00437
7345.4 0.004050000000000001
7345.900000000001 0.00439
7346.3 0.00398
7346.799999999999 0.00407
7347.200000000001 0.0039900000000000005
7347.7 0.0042899999999999995
7348.099999999999 0.00384
7348.6 0.0039000000000000003
7349.0 0.00391
7349.5 0.0037
7349.9 0.00393
7350.4 0.00387
7350.8 0.00385
7351.3 0.0034100000000000003
7351.7 0.0034899999999999996
7352.200000000001 0.00369
7352.6 0.0034000000000000002
7353.099999999999 0.0034100000000000003
7353.5 0.00337
7354.0 0.0035399999999999997
7354.400000000001 0.0034300000000000003
7354.9 0.0034999999999999996
7355.299999999999 0.0032
7355.8 0.00322
7356.2 0.0033900000000000002
7356.599999999999 0.00313
7357.1 0.00322
7357.5 0.00321
7358.0 0.00293
7358.400000000001 0.00311
7358.9 0.00296
7359.299999999999 0.00294
7359.8 0.00307
7360.2 0.00297
7360.700000000001 0.0030399999999999997
7361.1 0.0028399999999999996
7361.599999999999 0.00293
7362.0 0.0028599999999999997
7362.4 0.00292
7362.9 0.0027
7363.3 0.00261
7363.8 0.0025900000000000003
7364.2 0.00267
7364.700000000001 0.00265
7365.1 0.00253
7365.599999999999 0.00251
7366.0 0.0025700000000000002
7366.4 0.00242
7366.900000000001 0.00267
7367.3 0.0023499999999999997
7367.799999999999 0.0023899999999999998
7368.200000000001 0.00268
7368.7 0.00249
7369.099999999999 0.00252
7369.5 0.0023
7370.0 0.00249
7370.4 0.00245
7370.900000000001 0.00229
7371.3 0.00233
7371.799999999999 0.0022400000000000002
7372.200000000001 0.00233
7372.6 0.0022500000000000003
7373.099999999999 0.0023
7373.5 0.00217
7374.0 0.00216
7374.400000000001 0.00218
7374.8 0.00193
7375.299999999999 0.00214
7375.700000000001 0.0020499999999999997
7376.2 0.00199
7376.599999999999 0.00207
7377.0 0.00211
7377.5 0.00197
7377.9 0.0018599999999999999
7378.3 0.00202
7378.8 0.00196
7379.2 0.00188
7379.700000000001 0.00191
7380.1 0.00193
7380.5 0.00193
7381.0 0.0018
7381.4 0.00185
7381.799999999999 0.00182
7382.3 0.002
7382.7 0.0017399999999999998
7383.200000000001 0.00181
7383.6 0.00179
7384.0 0.00164
7384.5 0.00188
7384.9 0.0017299999999999998
7385.299999999999 0.00167
7385.8 0.00167
7386.2 0.00159
7386.599999999999 0.00159
7387.1 0.00165
7387.5 0.0016
7387.9 0.0017000000000000001
7388.400000000001 0.0017100000000000001
7388.8 0.00158
7389.2 0.00151
7389.700000000001 0.0017299999999999998
7390.1 0.00151
7390.5 0.00155
7391.0 0.00154
7391.4 0.00155
7391.799999999999 0.00153
7392.3 0.0016
7392.7 0.0015199999999999999
7393.099999999999 0.0016200000000000001
7393.6 0.00164
7394.0 0.00151
7394.400000000001 0.0
