05_Contrib/TimeDomain/PhotoReverberationMappingAGN/ZTF_data/ZTF_filters/ztf-g.ecsv
# %ECSV 1.0
# ---
# datatype:
# - {name: wavelength, unit: Angstrom, datatype: float64}
# - {name: response, datatype: float64}
# meta:
#   __serialized_columns__:
#     wavelength:
#       __class__: astropy.units.quantity.Quantity
#       unit: !astropy.units.Unit {unit: Angstrom}
#       value: !astropy.table.SerializedColumn {name: wavelength}
#   band_name: g
#   group_name: ztf
# schema: astropy-2.0
wavelength response
[from data line 711]
4411.0 0.8583263598
4412.0 0.8644096274
4413.0 0.8608288379
4414.0 0.8660177138999999
4415.0 0.855171267
4416.0 0.8601087904000001
4417.0 0.8736605095000001
4418.0 0.8651638835
4419.0 0.8729431368
4420.0 0.86781514
4421.0 0.8645811895
4422.0 0.8766075342
4423.0 0.8706551767
4424.0 0.8724103913000001
4425.0 0.8709915828
4426.0 0.8667183104
4427.0 0.8761486707999999
4428.0 0.8809748492
4429.0 0.8846956735
4430.0 0.8862921348
4431.0 0.8794481639
4432.0 0.8821847298000001
4433.0 0.8964376175
4434.0 0.8959241011
4435.0 0.898101369
4436.0 0.8921418188
4437.0 0.9002150712
4438.0 0.9025238634999999
4439.0 0.9026473446
4440.0 0.9074059151
4441.0 0.9076674085
4442.0 0.9068739705
4443.0 0.9118429539
4444.0 0.9122138934999999
4445.0 0.9125702810999999
4446.0 0.9162932138
4447.0 0.9097448534
4448.0 0.9129412702
4449.0 0.9137649077000001
4450.0 0.9202886993
4451.0 0.9189641434000001
4452.0 0.9169202798
4453.0 0.9280095352
4454.0 0.9197599115
4455.0 0.9189477006
4456.0 0.9172213956
4457.0 0.9221646835999999
4458.0 0.9260207094999999
4459.0 0.9155519049
4460.0 0.9172213956
4461.0 0.9183266152999999
4462.0 0.9212102235
4463.0 0.917993039
4464.0 0.9140113825999999
4465.0 0.9087209301999999
4466.0 0.9190198366
4467.0 0.9132856314
4468.0 0.9070872781999999
4469.0 0.9128673918
4470.0 0.9078612717
4471.0 0.9152542373
4472.0 0.9120190644999999
4473.0 0.9113048823
4474.0 0.9116225547000001
4475.0 0.9062559421999999
4476.0 0.9049380361999999
4477.0 0.9050091630999999
4478.0 0.9068848973
4479.0 0.9053956698000001
4480.0 0.8972932046
4481.0 0.8971181013
4482.0 0.9019910421999999
4483.0 0.8948515596
4484.0 0.9037193353
4485.0 0.8954429621
4486.0 0.8983445324999999
4487.0 0.8938541240000001
4488.0 0.8990860053999999
4489.0 0.8941834452
4490.0 0.8929670410999999
4491.0 0.8894865706999999
4492.0 0.8948927817000001
4493.0 0.8912979133000001
4494.0 0.8903371118
4495.0 0.8935448174
4496.0 0.8904436608999999
4497.0 0.8856724611
4498.0 0.8908977556000001
4499.0 0.8859588164000001
4500.0 0.8872695153
4501.0 0.8885811131
4502.0 0.8876761335000001
4503.0 0.8899632847
4504.0 0.8875131622000001
4505.0 0.8860828291
4506.0 0.8894979804
4507.0 0.8902332679
4508.0 0.8826316355999999
4509.0 0.8860841424
4510.0 0.8863416209
4511.0 0.8883453237000001
4512.0 0.8879041229000001
4513.0 0.8822900709
4514.0 0.8862680824
4515.0 0.8854362725999999
4516.0 0.8898274750999999
4517.0 0.8795048241000001
4518.0 0.8824779513
4519.0 0.8892860935
4520.0 0.8924434053
4521.0 0.8856870431
4522.0 0.882552804
4523.0 0.8837339884
4524.0 0.8897306397
4525.0 0.889619474
4526.0 0.8865307545000001
4527.0 0.8893409842
4528.0 0.8886963153
4529.0 0.8869670711000001
4530.0 0.8878759626
4531.0 0.8856520838
4532.0 0.8982175058999999
4533.0 0.8882413793
4534.0 0.8857142857
4535.0 0.8879135951000001
4536.0 0.8943956647
4537.0 0.8933392723
4538.0 0.8992426059999999
4539.0 0.890468056
4540.0 0.8923547401
4541.0 0.8902248489
4542.0 0.8888476714
4543.0 0.8920360555000001
4544.0 0.8952906151000001
4545.0 0.8950210970000001
4546.0 0.8963648603
4547.0 0.895224974
4548.0 0.8965180824
4549.0 0.8971247075
4550.0 0.9070219541
4551.0 0.9006713203
4552.0 0.8969374168
4553.0 0.9033333333
4554.0 0.8958056368
4555.0 0.9059160369
4556.0 0.8994735274
4557.0 0.9062304166
4558.0 0.8978281521
4559.0 0.9000359465
4560.0 0.90491481
4561.0 0.9083944366
4562.0 0.905104499
4563.0 0.9083683508
4564.0 0.9131057376
4565.0 0.9095368024
4566.0 0.9093882574
4567.0 0.9072894779
4568.0 0.9167151821
4569.0 0.9146282197
4570.0 0.9057433625
4571.0 0.9110356754
4572.0 0.9174860227
4573.0 0.9142501675
4574.0 0.9158330679
4575.0 0.9183965868999999
4576.0 0.9206647952
4577.0 0.9220775095
4578.0 0.9206976083
4579.0 0.9252422266000001
4580.0 0.9314516129
4581.0 0.9209117814
4582.0 0.9217282011000001
4583.0 0.9214672885
4584.0 0.9243681689000001
4585.0 0.9214672806
4586.0 0.9211192747
4587.0 0.9324612585
4588.0 0.9249829011999999
4589.0 0.9226510793999999
4590.0 0.9307056777
4591.0 0.9296359411
4592.0 0.9312967658
4593.0 0.930677093
4594.0 0.9250253293
4595.0 0.9313539047
4596.0 0.9288628486
4597.0 0.9299363057
4598.0 0.9282542793
4599.0 0.9264343327
4600.0 0.9251172422
4601.0 0.9228482146
4602.0 0.9224536687
4603.0 0.9228956432
4604.0 0.9286102719
4605.0 0.9330204391
4606.0 0.923428709
4607.0 0.9244042975000001
4608.0 0.9321047234
4609.0 0.9200155252000001
4610.0 0.9201384744000001
4611.0 0.9254985201
4612.0 0.9220833210000001
4613.0 0.9156330482
4614.0 0.9242676333
4615.0 0.9252555177
4616.0 0.9266251113
4617.0 0.9256071228
4618.0 0.9153140438
4619.0 0.9218400283
4620.0 0.9198016316000001
4621.0 0.917675047
4622.0 0.9167977168
4623.0 0.918997669
4624.0 0.9202784574
4625.0 0.9178930836000001
4626.0 0.9188148839
4627.0 0.9122183708999999
4628.0 0.9166907974999999
4629.0 0.9167052827000001
4630.0 0.9161609156
4631.0 0.91289884
4632.0 0.9150148163
4633.0 0.9198520702
4634.0 0.9086272599999999
4635.0 0.9127095572
4636.0 0.9104072657000001
4637.0 0.9122926802000001
4638.0 0.9107741239
4639.0 0.9076953634999999
4640.0 0.9108500737999999
4641.0 0.9119710342
4642.0 0.9123673515
4643.0 0.9161749344000001
4644.0 0.9092568156
4645.0 0.9101186636
4646.0 0.9102412688
4647.0 0.9126346719
4648.0 0.906455386
4649.0 0.9126593603
4650.0 0.911517205
4651.0 0.9200490292000001
4652.0 0.9085923218
4653.0 0.9110803324
4654.0 0.9088068575
4655.0 0.9088271861
4656.0 0.9101262689
4657.0 0.9136525656000001
4658.0 0.9154771364
4659.0 0.9124914113
4660.0 0.9082999209
4661.0 0.9129199672
4662.0 0.9109909023999999
4663.0 0.9126411756999999
4664.0 0.9119120209
4665.0 0.9118994065
4666.0 0.9182427482
4667.0 0.9117044229
4668.0 0.9113244998000001
4669.0 0.9180261670000001
4670.0 0.9182261783
4671.0 0.9178439061
4672.0 0.9147379942
4673.0 0.9102840561
4674.0 0.9108023786
4675.0 0.9094632806
4676.0 0.9098232917
4677.0 0.9119572935
4678.0 0.9088385374000001
4679.0 0.9178064211
4680.0 0.9120801135000001
4681.0 0.9076159373
4682.0 0.9095537742
4683.0 0.9150978027
4684.0 0.9138818488
4685.0 0.9127335172
4686.0 0.913120475
4687.0 0.9189322788
4688.0 0.9142232744000001
4689.0 0.9079235748000001
4690.0 0.9077423183000001
4691.0 0.9113786969000001
4692.0 0.9095543369000001
4693.0 0.9083838176000001
4694.0 0.9099664454999999
4695.0 0.913782495
4696.0 0.9081523402
4697.0 0.9114136659000001
4698.0 0.9076457422
4699.0 0.9114385500000001
4700.0 0.9077238551000001
4701.0 0.9036880077
4702.0 0.9035913968
4703.0 0.9066186107
4704.0 0.9087583875999999
4705.0 0.9069615809
4706.0 0.9052826505999999
4707.0 0.9087679799999999
4708.0 0.9022312979
4709.0 0.9071745654
4710.0 0.9027388772
4711.0 0.9078486422000001
4712.0 0.9110956591
4713.0 0.9025216687
4714.0 0.8995132983
4715.0 0.9083169291000001
4716.0 0.9043738648
4717.0 0.91046021
4718.0 0.9009477747
4719.0 0.9090241754
4720.0 0.9115970744
4721.0 0.9035185906
4722.0 0.9135131181
4723.0 0.9086021504999999
4724.0 0.9114712009
4725.0 0.9052147535
4726.0 0.9143381997
4727.0 0.9141748789
4728.0 0.9162971175
4729.0 0.9111254418999999
4730.0 0.9093602887
4731.0 0.9137675972
4732.0 0.9177287425999999
4733.0 0.9153577454
4734.0 0.9172944839
4735.0 0.9154138012999999
4736.0 0.9180095459000001
4737.0 0.9215222227
4738.0 0.9195221185
4739.0 0.9242139399
4740.0 0.9259503044
4741.0 0.9248515571999999
4742.0 0.9245941577000001
4743.0 0.9259285116
4744.0 0.925949205
4745.0 0.9254708685999999
4746.0 0.9272188527
4747.0 0.9297590613
4748.0 0.9292511663999999
4749.0 0.9290546759999999
4750.0 0.9276551724
4751.0 0.9255182829
4752.0 0.9319147958
4753.0 0.9311007411
4754.0 0.9294547948
4755.0 0.9308379685
4756.0 0.9369075085
4757.0 0.9324622202
4758.0 0.9331543501999999
4759.0 0.9337802337
4760.0 0.9332609875
4761.0 0.9312461910000001
4762.0 0.9379180979999999
4763.0 0.9368323585
4764.0 0.9365125805
4765.0 0.9329389003999999
4766.0 0.9313101904
4767.0 0.9305208147
4768.0 0.9340988964
4769.0 0.9355724168999999
4770.0 0.9277357192
4771.0 0.9287078153
4772.0 0.929516398
4773.0 0.9330873198999999
4774.0 0.9305115186
4775.0 0.9306135987
4776.0 0.9323071462999999
4777.0 0.9302315316
4778.0 0.9337703037
4779.0 0.9262935493000001
4780.0 0.9256693052
4781.0 0.9230398492999999
4782.0 0.930126982
4783.0 0.9227110064
4784.0 0.9243453382
4785.0 0.9177440347
4786.0 0.9273303796000001
4787.0 0.9220366122999999
4788.0 0.9239900857000001
4789.0 0.9229836527
4790.0 0.9212871287
4791.0 0.9239434179
4792.0 0.9227348885000001
4793.0 0.9131020042
4794.0 0.9162525703
4795.0 0.9197389536999999
4796.0 0.9155191187
4797.0 0.9093959732000001
4798.0 0.9061436351000001
4799.0 0.9131494193999999
4800.0 0.9099446694
4801.0 0.903944462
4802.0 0.9088208024
4803.0 0.9068771517
4804.0 0.9010158131999999
4805.0 0.9046595132
4806.0 0.907954071
4807.0 0.9005496215
4808.0 0.9014221743
4809.0 0.9049308192
4810.0 0.9037780033999999
4811.0 0.8980517471999999
4812.0 0.8995699677000001
4813.0 0.8990897163
4814.0 0.8996189618
4815.0 0.8977924312000001
4816.0 0.9008732012999999
4817.0 0.896225646
4818.0 0.8931199934999999
4819.0 0.8950711226999999
4820.0 0.8930252288
4821.0 0.9036560965
4822.0 0.8954385680999999
4823.0 0.8944278587
4824.0 0.8934630038
4825.0 0.8910962326
4826.0 0.8898706468
4827.0 0.895007269
4828.0 0.894095147
4829.0 0.8922010193
4830.0 0.8913507531
4831.0 0.8990084902
4832.0 0.8896799953
4833.0 0.8888039366
4834.0 0.8953351395999999
4835.0 0.895134015
4836.0 0.8940724264000001
4837.0 0.8934244766
4838.0 0.8979719311
4839.0 0.8970665219
4840.0 0.8914271394
4841.0 0.8927336976
4842.0 0.8987334429
4843.0 0.8928159816
4844.0 0.8944234929
4845.0 0.8964177734000001
4846.0 0.895737393
4847.0 0.8970013535
4848.0 0.9007297886000001
4849.0 0.8993711883000001
4850.0 0.89587693
4851.0 0.8956213731
4852.0 0.9036235153
4853.0 0.9028865476
4854.0 0.9042593079
4855.0 0.9069129071
4856.0 0.8993032977
4857.0 0.9057860465
4858.0 0.9048473636
4859.0 0.9008488151999999
4860.0 0.9048615316999999
4861.0 0.9069074591999999
4862.0 0.9013021118000001
4863.0 0.906946193
4864.0 0.9045917065000001
4865.0 0.9098014979
4866.0 0.905040968
4867.0 0.9163544211999999
4868.0 0.9107614852
4869.0 0.9092183792
4870.0 0.9118930862000001
4871.0 0.9148661491
4872.0 0.9103734884000001
4873.0 0.9172550631999999
4874.0 0.9140184589
4875.0 0.914295321
4876.0 0.9156863439999999
4877.0 0.916203385
4878.0 0.9228421351999999
4879.0 0.9210767873000001
4880.0 0.9174173118
4881.0 0.9144162277
4882.0 0.9157025083000001
4883.0 0.9215641834999999
4884.0 0.9222754595000001
4885.0 0.9152010812
4886.0 0.9197838736
4887.0 0.9202559301
4888.0 0.9200946361
4889.0 0.9243500043
4890.0 0.9268615877
4891.0 0.9244843418
4892.0 0.9204679160000001
4893.0 0.9243198148
4894.0 0.9257213744
4895.0 0.9309108213999999
4896.0 0.9275943795
4897.0 0.9263342436
4898.0 0.9279492076
4899.0 0.9254031582000001
4900.0 0.9263845603
4901.0 0.9324639419
4902.0 0.9291538653000001
4903.0 0.9283204614
4904.0 0.9341061521999999
4905.0 0.9287751636
4906.0 0.9285153181
4907.0 0.9259459018
4908.0 0.9284792446
4909.0 0.9271620213999999
4910.0 0.9285679576
4911.0 0.9297337638000001
4912.0 0.9256181076
4913.0 0.9317368743
4914.0 0.9298625826999999
4915.0 0.9310538656999999
4916.0 0.9281993749
4917.0 0.9325059177
4918.0 0.9286146016
4919.0 0.9284079349
4920.0 0.9281678773
4921.0 0.9238089246
4922.0 0.9275298345999999
4923.0 0.9210436958
4924.0 0.9273357638
4925.0 0.9326156157
4926.0 0.9307200971
4927.0 0.9261971031999999
4928.0 0.926486716
4929.0 0.9188551714000001
4930.0 0.9255467249
4931.0 0.9277376124
4932.0 0.9263444162000001
4933.0 0.9246011636999999
4934.0 0.9263126648
4935.0 0.9270216619
4936.0 0.9247811482999999
4937.0 0.9198980742
4938.0 0.9214646116
4939.0 0.9246511305999999
4940.0 0.9226937397
4941.0 0.9232300352999999
4942.0 0.9204638893000001
4943.0 0.9238192843
4944.0 0.9174005621000001
4945.0 0.9176741898999999
4946.0 0.9220942266000001
4947.0 0.9172707961000001
4948.0 0.9234234234
4949.0 0.916194543
4950.0 0.9239413873
4951.0 0.9160180117
4952.0 0.9192172604
4953.0 0.9195479056000001
4954.0 0.9150398589
4955.0 0.9187361547999999
4956.0 0.9125867194999999
4957.0 0.9149996699
4958.0 0.9171500818
4959.0 0.9159863611
4960.0 0.9122449984
4961.0 0.9130783064000001
4962.0 0.9156129830999999
4963.0 0.9128013029000001
4964.0 0.9134582568
4965.0 0.9151075391000001
4966.0 0.9113239911
4967.0 0.9088207745
4968.0 0.9132863971
4969.0 0.9091421667
4970.0 0.9124082903999999
4971.0 0.9108793515000001
4972.0 0.9062006979999999
4973.0 0.9038596045
4974.0 0.9099740003
4975.0 0.9079341911000001
4976.0 0.9105862572
4977.0 0.9050418840000001
4978.0 0.903007507
4979.0 0.8998838049
4980.0 0.9012436334
4981.0 0.9057740769
4982.0 0.9025967939
4983.0 0.9059358172
4984.0 0.9023760652
4985.0 0.9070937003999999
4986.0 0.9057349114000001
4987.0 0.9013253646
4988.0 0.9007207124
4989.0 0.9012899952
4990.0 0.9034053348000001
4991.0 0.9031362199999999
4992.0 0.904185562
4993.0 0.9022871567
4994.0 0.8982230877
4995.0 0.8973859887000001
4996.0 0.9001849269000001
4997.0 0.8958097737
4998.0 0.9015669429000001
4999.0 0.9022316042999999
5000.0 0.8992928077000001
5001.0 0.9005810200000001
5002.0 0.8974228577
5003.0 0.9030910235
5004.0 0.8975273418999999
5005.0 0.8986882418000001
5006.0 0.8999317648999999
5007.0 0.9066837243000001
5008.0 0.9015739304
5009.0 0.8965766457
5010.0 0.8936323000999999
5011.0 0.8998914096
5012.0 0.8986236452
5013.0 0.9041896862000001
5014.0 0.8994788331
5015.0 0.8990158198
5016.0 0.9010770191999999
5017.0 0.9014544031
5018.0 0.9026766456
5019.0 0.8984868136999999
5020.0 0.9044130397000001
5021.0 0.9018661982
5022.0 0.9023019887
5023.0 0.9034011849
5024.0 0.9076360508000001
5025.0 0.9049879197999999
5026.0 0.9083454758
5027.0 0.9070307051000001
5028.0 0.906015891
5029.0 0.9051166216
5030.0 0.9071546146
5031.0 0.9038450688
5032.0 0.9085709444
5033.0 0.9092913828
5034.0 0.9105646477
5035.0 0.9102249288
5036.0 0.9121389873
5037.0 0.9098686605999999
5038.0 0.9093440249
5039.0 0.9089025476
5040.0 0.9106984356
5041.0 0.9151514310000001
5042.0 0.9152955515
5043.0 0.912189997
5044.0 0.9110921549
5045.0 0.9127548145
5046.0 0.9170913287000001
5047.0 0.9136447112
5048.0 0.9162145871
5049.0 0.9160873544
5050.0 0.916572579
5051.0 0.9119889308000001
5052.0 0.918333582
5053.0 0.9146367898
5054.0 0.9171469546000001
5055.0 0.9207335985
5056.0 0.9179200861
5057.0 0.919885782
5058.0 0.9201993668999999
5059.0 0.9202311674000001
5060.0 0.9231109503
5061.0 0.9193216167999999
5062.0 0.9216998359999999
5063.0 0.9226223035
5064.0 0.9180961232
5065.0 0.9213745522000001
5066.0 0.9232179145
5067.0 0.9248021633000001
5068.0 0.9248141227000001
5069.0 0.9257470809
5070.0 0.9207706249000001
5071.0 0.9223657215
5072.0 0.9232456139999999
5073.0 0.9267874215999999
5074.0 0.9236416457
5075.0 0.9222061185
5076.0 0.9223042950999999
5077.0 0.9274035573
5078.0 0.9276072341
5079.0 0.9209191944
5080.0 0.9260089105
5081.0 0.9243275429000001
5082.0 0.9250077672
5083.0 0.9190459027
5084.0 0.92011895
5085.0 0.9250549648
5086.0 0.9240363537999999
5087.0 0.9206150545
5088.0 0.9236282653000001
5089.0 0.925007664
5090.0 0.9205372131999999
5091.0 0.9230612634
5092.0 0.9242866943
5093.0 0.9218374218
5094.0 0.9233529897
5095.0 0.9238676883
5096.0 0.9234114977
5097.0 0.921283129
5098.0 0.9215634607
5099.0 0.9222268217
5100.0 0.9244097057
5101.0 0.9208319272
5102.0 0.9217863095
5103.0 0.9242088944
5104.0 0.9242757242999999
5105.0 0.9246571076
5106.0 0.9198340021999999
5107.0 0.9205086065
5108.0 0.9261405227999999
5109.0 0.919995066
5110.0 0.9183374565
5111.0 0.9219668165
5112.0 0.9225455307
5113.0 0.9213548212
5114.0 0.9180556746
5115.0 0.918832364
5116.0 0.919670405
5117.0 0.9216709864000001
5118.0 0.9191681405
5119.0 0.9229004746
5120.0 0.9148980086999999
5121.0 0.9190979015
5122.0 0.9191621487
5123.0 0.9219598969
5124.0 0.9179139637
5125.0 0.9184541577
5126.0 0.9200410727
5127.0 0.9246634824000001
5128.0 0.9161429363000001
5129.0 0.9191357211000001
5130.0 0.9199894439
5131.0 0.9192352898999999
5132.0 0.9208227266
5133.0 0.9158789381
5134.0 0.9189693935
5135.0 0.9175220859
5136.0 0.9178155328
5137.0 0.9191619246
5138.0 0.9200417834
5139.0 0.9170727081
5140.0 0.9181825733
